postion,page_no,archival_tiff,web_jpeg,thumbnail_jpeg
1,front,master/10186_0000.jpg,web/10186_0000_web.jpg,thumb/10186_0000_thumb.jpg
2,front-i,master/10186_0001.jpg,web/10186_0001_web.jpg,thumb/10186_0001_thumb.jpg
3,i-r,master/10186_0002.jpg,web/10186_0002_web.jpg,thumb/10186_0002_thumb.jpg
4,i-v,master/10186_0003.jpg,web/10186_0003_web.jpg,thumb/10186_0003_thumb.jpg
5,ii-r,master/10186_0004.jpg,web/10186_0004_web.jpg,thumb/10186_0004_thumb.jpg
6,ii-v,master/10186_0005.jpg,web/10186_0005_web.jpg,thumb/10186_0005_thumb.jpg
7,iii-r,master/10186_0006.jpg,web/10186_0006_web.jpg,thumb/10186_0006_thumb.jpg
8,iii-v,master/10186_0007.jpg,web/10186_0007_web.jpg,thumb/10186_0007_thumb.jpg
9,iv-r,master/10186_0008.jpg,web/10186_0008_web.jpg,thumb/10186_0008_thumb.jpg
10,iv-v,master/10186_0009.jpg,web/10186_0009_web.jpg,thumb/10186_0009_thumb.jpg
11,v-r,master/10186_0010.jpg,web/10186_0010_web.jpg,thumb/10186_0010_thumb.jpg
12,v-v,master/10186_0011.jpg,web/10186_0011_web.jpg,thumb/10186_0011_thumb.jpg
13,vi-r,master/10186_0012.jpg,web/10186_0012_web.jpg,thumb/10186_0012_thumb.jpg
14,vi-v,master/10186_0013.jpg,web/10186_0013_web.jpg,thumb/10186_0013_thumb.jpg
15,1r,master/10186_0014.jpg,web/10186_0014_web.jpg,thumb/10186_0014_thumb.jpg
16,1v,master/10186_0015.jpg,web/10186_0015_web.jpg,thumb/10186_0015_thumb.jpg
17,2r,master/10186_0016.jpg,web/10186_0016_web.jpg,thumb/10186_0016_thumb.jpg
18,2v,master/10186_0017.jpg,web/10186_0017_web.jpg,thumb/10186_0017_thumb.jpg
19,3r,master/10186_0018.jpg,web/10186_0018_web.jpg,thumb/10186_0018_thumb.jpg
20,3v,master/10186_0019.jpg,web/10186_0019_web.jpg,thumb/10186_0019_thumb.jpg
21,4r,master/10186_0020.jpg,web/10186_0020_web.jpg,thumb/10186_0020_thumb.jpg
22,4v,master/10186_0021.jpg,web/10186_0021_web.jpg,thumb/10186_0021_thumb.jpg
23,5r,master/10186_0022.jpg,web/10186_0022_web.jpg,thumb/10186_0022_thumb.jpg
24,5v,master/10186_0023.jpg,web/10186_0023_web.jpg,thumb/10186_0023_thumb.jpg
25,6r,master/10186_0024.jpg,web/10186_0024_web.jpg,thumb/10186_0024_thumb.jpg
26,6v,master/10186_0025.jpg,web/10186_0025_web.jpg,thumb/10186_0025_thumb.jpg
27,7r,master/10186_0026.jpg,web/10186_0026_web.jpg,thumb/10186_0026_thumb.jpg
28,7v,master/10186_0027.jpg,web/10186_0027_web.jpg,thumb/10186_0027_thumb.jpg
29,8r,master/10186_0028.jpg,web/10186_0028_web.jpg,thumb/10186_0028_thumb.jpg
30,8v,master/10186_0029.jpg,web/10186_0029_web.jpg,thumb/10186_0029_thumb.jpg
31,9r,master/10186_0030.jpg,web/10186_0030_web.jpg,thumb/10186_0030_thumb.jpg
32,9v,master/10186_0031.jpg,web/10186_0031_web.jpg,thumb/10186_0031_thumb.jpg
33,10r,master/10186_0032.jpg,web/10186_0032_web.jpg,thumb/10186_0032_thumb.jpg
34,10v,master/10186_0033.jpg,web/10186_0033_web.jpg,thumb/10186_0033_thumb.jpg
35,11r,master/10186_0034.jpg,web/10186_0034_web.jpg,thumb/10186_0034_thumb.jpg
36,11v,master/10186_0035.jpg,web/10186_0035_web.jpg,thumb/10186_0035_thumb.jpg
37,12r,master/10186_0036.jpg,web/10186_0036_web.jpg,thumb/10186_0036_thumb.jpg
38,12v,master/10186_0037.jpg,web/10186_0037_web.jpg,thumb/10186_0037_thumb.jpg
39,13r,master/10186_0038.jpg,web/10186_0038_web.jpg,thumb/10186_0038_thumb.jpg
40,13v,master/10186_0039.jpg,web/10186_0039_web.jpg,thumb/10186_0039_thumb.jpg
41,14r,master/10186_0040.jpg,web/10186_0040_web.jpg,thumb/10186_0040_thumb.jpg
42,14v,master/10186_0041.jpg,web/10186_0041_web.jpg,thumb/10186_0041_thumb.jpg
43,15r,master/10186_0042.jpg,web/10186_0042_web.jpg,thumb/10186_0042_thumb.jpg
44,15v,master/10186_0043.jpg,web/10186_0043_web.jpg,thumb/10186_0043_thumb.jpg
45,16r,master/10186_0044.jpg,web/10186_0044_web.jpg,thumb/10186_0044_thumb.jpg
46,16v,master/10186_0045.jpg,web/10186_0045_web.jpg,thumb/10186_0045_thumb.jpg
47,17r,master/10186_0046.jpg,web/10186_0046_web.jpg,thumb/10186_0046_thumb.jpg
48,17v,master/10186_0047.jpg,web/10186_0047_web.jpg,thumb/10186_0047_thumb.jpg
49,18r,master/10186_0048.jpg,web/10186_0048_web.jpg,thumb/10186_0048_thumb.jpg
50,18v,master/10186_0049.jpg,web/10186_0049_web.jpg,thumb/10186_0049_thumb.jpg
51,19r,master/10186_0050.jpg,web/10186_0050_web.jpg,thumb/10186_0050_thumb.jpg
52,19v,master/10186_0051.jpg,web/10186_0051_web.jpg,thumb/10186_0051_thumb.jpg
53,20r,master/10186_0052.jpg,web/10186_0052_web.jpg,thumb/10186_0052_thumb.jpg
54,20v,master/10186_0053.jpg,web/10186_0053_web.jpg,thumb/10186_0053_thumb.jpg
55,21r,master/10186_0054.jpg,web/10186_0054_web.jpg,thumb/10186_0054_thumb.jpg
56,21v,master/10186_0055.jpg,web/10186_0055_web.jpg,thumb/10186_0055_thumb.jpg
57,22r,master/10186_0056.jpg,web/10186_0056_web.jpg,thumb/10186_0056_thumb.jpg
58,22v,master/10186_0057.jpg,web/10186_0057_web.jpg,thumb/10186_0057_thumb.jpg
59,23r,master/10186_0058.jpg,web/10186_0058_web.jpg,thumb/10186_0058_thumb.jpg
60,23v,master/10186_0059.jpg,web/10186_0059_web.jpg,thumb/10186_0059_thumb.jpg
61,24r,master/10186_0060.jpg,web/10186_0060_web.jpg,thumb/10186_0060_thumb.jpg
62,24v,master/10186_0061.jpg,web/10186_0061_web.jpg,thumb/10186_0061_thumb.jpg
63,25r,master/10186_0062.jpg,web/10186_0062_web.jpg,thumb/10186_0062_thumb.jpg
64,25v,master/10186_0063.jpg,web/10186_0063_web.jpg,thumb/10186_0063_thumb.jpg
65,26r,master/10186_0064.jpg,web/10186_0064_web.jpg,thumb/10186_0064_thumb.jpg
66,26v,master/10186_0065.jpg,web/10186_0065_web.jpg,thumb/10186_0065_thumb.jpg
67,27r,master/10186_0066.jpg,web/10186_0066_web.jpg,thumb/10186_0066_thumb.jpg
68,27v,master/10186_0067.jpg,web/10186_0067_web.jpg,thumb/10186_0067_thumb.jpg
69,28r,master/10186_0068.jpg,web/10186_0068_web.jpg,thumb/10186_0068_thumb.jpg
70,28v,master/10186_0069.jpg,web/10186_0069_web.jpg,thumb/10186_0069_thumb.jpg
71,29r,master/10186_0070.jpg,web/10186_0070_web.jpg,thumb/10186_0070_thumb.jpg
72,29v,master/10186_0071.jpg,web/10186_0071_web.jpg,thumb/10186_0071_thumb.jpg
73,30r,master/10186_0072.jpg,web/10186_0072_web.jpg,thumb/10186_0072_thumb.jpg
74,30v,master/10186_0073.jpg,web/10186_0073_web.jpg,thumb/10186_0073_thumb.jpg
75,31r,master/10186_0074.jpg,web/10186_0074_web.jpg,thumb/10186_0074_thumb.jpg
76,31v,master/10186_0075.jpg,web/10186_0075_web.jpg,thumb/10186_0075_thumb.jpg
77,32r,master/10186_0076.jpg,web/10186_0076_web.jpg,thumb/10186_0076_thumb.jpg
78,32v,master/10186_0077.jpg,web/10186_0077_web.jpg,thumb/10186_0077_thumb.jpg
79,33r,master/10186_0078.jpg,web/10186_0078_web.jpg,thumb/10186_0078_thumb.jpg
80,33v,master/10186_0079.jpg,web/10186_0079_web.jpg,thumb/10186_0079_thumb.jpg
81,34r,master/10186_0080.jpg,web/10186_0080_web.jpg,thumb/10186_0080_thumb.jpg
82,34v,master/10186_0081.jpg,web/10186_0081_web.jpg,thumb/10186_0081_thumb.jpg
83,35r,master/10186_0082.jpg,web/10186_0082_web.jpg,thumb/10186_0082_thumb.jpg
84,35v,master/10186_0083.jpg,web/10186_0083_web.jpg,thumb/10186_0083_thumb.jpg
85,36r,master/10186_0084.jpg,web/10186_0084_web.jpg,thumb/10186_0084_thumb.jpg
86,36v,master/10186_0085.jpg,web/10186_0085_web.jpg,thumb/10186_0085_thumb.jpg
87,37r,master/10186_0086.jpg,web/10186_0086_web.jpg,thumb/10186_0086_thumb.jpg
88,37v,master/10186_0087.jpg,web/10186_0087_web.jpg,thumb/10186_0087_thumb.jpg
89,38r,master/10186_0088.jpg,web/10186_0088_web.jpg,thumb/10186_0088_thumb.jpg
90,38v,master/10186_0089.jpg,web/10186_0089_web.jpg,thumb/10186_0089_thumb.jpg
91,39r,master/10186_0090.jpg,web/10186_0090_web.jpg,thumb/10186_0090_thumb.jpg
92,39v,master/10186_0091.jpg,web/10186_0091_web.jpg,thumb/10186_0091_thumb.jpg
93,40r,master/10186_0092.jpg,web/10186_0092_web.jpg,thumb/10186_0092_thumb.jpg
94,40v,master/10186_0093.jpg,web/10186_0093_web.jpg,thumb/10186_0093_thumb.jpg
95,41r,master/10186_0094.jpg,web/10186_0094_web.jpg,thumb/10186_0094_thumb.jpg
96,41v,master/10186_0095.jpg,web/10186_0095_web.jpg,thumb/10186_0095_thumb.jpg
97,42r,master/10186_0096.jpg,web/10186_0096_web.jpg,thumb/10186_0096_thumb.jpg
98,42v,master/10186_0097.jpg,web/10186_0097_web.jpg,thumb/10186_0097_thumb.jpg
99,43r,master/10186_0098.jpg,web/10186_0098_web.jpg,thumb/10186_0098_thumb.jpg
100,43v,master/10186_0099.jpg,web/10186_0099_web.jpg,thumb/10186_0099_thumb.jpg
101,44r,master/10186_0100.jpg,web/10186_0100_web.jpg,thumb/10186_0100_thumb.jpg
102,44v,master/10186_0101.jpg,web/10186_0101_web.jpg,thumb/10186_0101_thumb.jpg
103,45r,master/10186_0102.jpg,web/10186_0102_web.jpg,thumb/10186_0102_thumb.jpg
104,45v,master/10186_0103.jpg,web/10186_0103_web.jpg,thumb/10186_0103_thumb.jpg
105,46r,master/10186_0104.jpg,web/10186_0104_web.jpg,thumb/10186_0104_thumb.jpg
106,46v,master/10186_0105.jpg,web/10186_0105_web.jpg,thumb/10186_0105_thumb.jpg
107,47r,master/10186_0106.jpg,web/10186_0106_web.jpg,thumb/10186_0106_thumb.jpg
108,47v,master/10186_0107.jpg,web/10186_0107_web.jpg,thumb/10186_0107_thumb.jpg
109,48r,master/10186_0108.jpg,web/10186_0108_web.jpg,thumb/10186_0108_thumb.jpg
110,48v,master/10186_0109.jpg,web/10186_0109_web.jpg,thumb/10186_0109_thumb.jpg
111,49r,master/10186_0110.jpg,web/10186_0110_web.jpg,thumb/10186_0110_thumb.jpg
112,49v,master/10186_0111.jpg,web/10186_0111_web.jpg,thumb/10186_0111_thumb.jpg
113,50r,master/10186_0112.jpg,web/10186_0112_web.jpg,thumb/10186_0112_thumb.jpg
114,50v,master/10186_0113.jpg,web/10186_0113_web.jpg,thumb/10186_0113_thumb.jpg
115,51r,master/10186_0114.jpg,web/10186_0114_web.jpg,thumb/10186_0114_thumb.jpg
116,51v,master/10186_0115.jpg,web/10186_0115_web.jpg,thumb/10186_0115_thumb.jpg
117,52r,master/10186_0116.jpg,web/10186_0116_web.jpg,thumb/10186_0116_thumb.jpg
118,52v,master/10186_0117.jpg,web/10186_0117_web.jpg,thumb/10186_0117_thumb.jpg
119,53r,master/10186_0118.jpg,web/10186_0118_web.jpg,thumb/10186_0118_thumb.jpg
120,53v,master/10186_0119.jpg,web/10186_0119_web.jpg,thumb/10186_0119_thumb.jpg
121,54r,master/10186_0120.jpg,web/10186_0120_web.jpg,thumb/10186_0120_thumb.jpg
122,54v,master/10186_0121.jpg,web/10186_0121_web.jpg,thumb/10186_0121_thumb.jpg
123,55r,master/10186_0122.jpg,web/10186_0122_web.jpg,thumb/10186_0122_thumb.jpg
124,55v,master/10186_0123.jpg,web/10186_0123_web.jpg,thumb/10186_0123_thumb.jpg
125,56r,master/10186_0124.jpg,web/10186_0124_web.jpg,thumb/10186_0124_thumb.jpg
126,56v,master/10186_0125.jpg,web/10186_0125_web.jpg,thumb/10186_0125_thumb.jpg
127,57r,master/10186_0126.jpg,web/10186_0126_web.jpg,thumb/10186_0126_thumb.jpg
128,57v,master/10186_0127.jpg,web/10186_0127_web.jpg,thumb/10186_0127_thumb.jpg
129,58r,master/10186_0128.jpg,web/10186_0128_web.jpg,thumb/10186_0128_thumb.jpg
130,58v,master/10186_0129.jpg,web/10186_0129_web.jpg,thumb/10186_0129_thumb.jpg
131,59r,master/10186_0130.jpg,web/10186_0130_web.jpg,thumb/10186_0130_thumb.jpg
132,59v,master/10186_0131.jpg,web/10186_0131_web.jpg,thumb/10186_0131_thumb.jpg
133,60r,master/10186_0132.jpg,web/10186_0132_web.jpg,thumb/10186_0132_thumb.jpg
134,60v,master/10186_0133.jpg,web/10186_0133_web.jpg,thumb/10186_0133_thumb.jpg
135,61r,master/10186_0134.jpg,web/10186_0134_web.jpg,thumb/10186_0134_thumb.jpg
136,61v,master/10186_0135.jpg,web/10186_0135_web.jpg,thumb/10186_0135_thumb.jpg
137,62r,master/10186_0136.jpg,web/10186_0136_web.jpg,thumb/10186_0136_thumb.jpg
138,62v,master/10186_0137.jpg,web/10186_0137_web.jpg,thumb/10186_0137_thumb.jpg
139,63r,master/10186_0138.jpg,web/10186_0138_web.jpg,thumb/10186_0138_thumb.jpg
140,63v,master/10186_0139.jpg,web/10186_0139_web.jpg,thumb/10186_0139_thumb.jpg
141,64r,master/10186_0140.jpg,web/10186_0140_web.jpg,thumb/10186_0140_thumb.jpg
142,64v,master/10186_0141.jpg,web/10186_0141_web.jpg,thumb/10186_0141_thumb.jpg
143,65r,master/10186_0142.jpg,web/10186_0142_web.jpg,thumb/10186_0142_thumb.jpg
144,65v,master/10186_0143.jpg,web/10186_0143_web.jpg,thumb/10186_0143_thumb.jpg
145,66r,master/10186_0144.jpg,web/10186_0144_web.jpg,thumb/10186_0144_thumb.jpg
146,66v,master/10186_0145.jpg,web/10186_0145_web.jpg,thumb/10186_0145_thumb.jpg
147,67r,master/10186_0146.jpg,web/10186_0146_web.jpg,thumb/10186_0146_thumb.jpg
148,67v,master/10186_0147.jpg,web/10186_0147_web.jpg,thumb/10186_0147_thumb.jpg
149,68r,master/10186_0148.jpg,web/10186_0148_web.jpg,thumb/10186_0148_thumb.jpg
150,68v,master/10186_0149.jpg,web/10186_0149_web.jpg,thumb/10186_0149_thumb.jpg
151,69r,master/10186_0150.jpg,web/10186_0150_web.jpg,thumb/10186_0150_thumb.jpg
152,69v,master/10186_0151.jpg,web/10186_0151_web.jpg,thumb/10186_0151_thumb.jpg
153,70r,master/10186_0152.jpg,web/10186_0152_web.jpg,thumb/10186_0152_thumb.jpg
154,70v,master/10186_0153.jpg,web/10186_0153_web.jpg,thumb/10186_0153_thumb.jpg
155,71r,master/10186_0154.jpg,web/10186_0154_web.jpg,thumb/10186_0154_thumb.jpg
156,71v,master/10186_0155.jpg,web/10186_0155_web.jpg,thumb/10186_0155_thumb.jpg
157,72r,master/10186_0156.jpg,web/10186_0156_web.jpg,thumb/10186_0156_thumb.jpg
158,72v,master/10186_0157.jpg,web/10186_0157_web.jpg,thumb/10186_0157_thumb.jpg
159,73r,master/10186_0158.jpg,web/10186_0158_web.jpg,thumb/10186_0158_thumb.jpg
160,73v,master/10186_0159.jpg,web/10186_0159_web.jpg,thumb/10186_0159_thumb.jpg
161,74r,master/10186_0160.jpg,web/10186_0160_web.jpg,thumb/10186_0160_thumb.jpg
162,74v,master/10186_0161.jpg,web/10186_0161_web.jpg,thumb/10186_0161_thumb.jpg
163,75r,master/10186_0162.jpg,web/10186_0162_web.jpg,thumb/10186_0162_thumb.jpg
164,75v,master/10186_0163.jpg,web/10186_0163_web.jpg,thumb/10186_0163_thumb.jpg
165,76r,master/10186_0164.jpg,web/10186_0164_web.jpg,thumb/10186_0164_thumb.jpg
166,76v,master/10186_0165.jpg,web/10186_0165_web.jpg,thumb/10186_0165_thumb.jpg
167,77r,master/10186_0166.jpg,web/10186_0166_web.jpg,thumb/10186_0166_thumb.jpg
168,77v,master/10186_0167.jpg,web/10186_0167_web.jpg,thumb/10186_0167_thumb.jpg
169,78r,master/10186_0168.jpg,web/10186_0168_web.jpg,thumb/10186_0168_thumb.jpg
170,78v,master/10186_0169.jpg,web/10186_0169_web.jpg,thumb/10186_0169_thumb.jpg
171,79r,master/10186_0170.jpg,web/10186_0170_web.jpg,thumb/10186_0170_thumb.jpg
172,79v,master/10186_0171.jpg,web/10186_0171_web.jpg,thumb/10186_0171_thumb.jpg
173,80r,master/10186_0172.jpg,web/10186_0172_web.jpg,thumb/10186_0172_thumb.jpg
174,80v,master/10186_0173.jpg,web/10186_0173_web.jpg,thumb/10186_0173_thumb.jpg
175,81r,master/10186_0174.jpg,web/10186_0174_web.jpg,thumb/10186_0174_thumb.jpg
176,81v,master/10186_0175.jpg,web/10186_0175_web.jpg,thumb/10186_0175_thumb.jpg
177,82r,master/10186_0176.jpg,web/10186_0176_web.jpg,thumb/10186_0176_thumb.jpg
178,82v,master/10186_0177.jpg,web/10186_0177_web.jpg,thumb/10186_0177_thumb.jpg
179,83r,master/10186_0178.jpg,web/10186_0178_web.jpg,thumb/10186_0178_thumb.jpg
180,83v,master/10186_0179.jpg,web/10186_0179_web.jpg,thumb/10186_0179_thumb.jpg
181,84r,master/10186_0180.jpg,web/10186_0180_web.jpg,thumb/10186_0180_thumb.jpg
182,84v,master/10186_0181.jpg,web/10186_0181_web.jpg,thumb/10186_0181_thumb.jpg
183,85r,master/10186_0182.jpg,web/10186_0182_web.jpg,thumb/10186_0182_thumb.jpg
184,85v,master/10186_0183.jpg,web/10186_0183_web.jpg,thumb/10186_0183_thumb.jpg
185,86r,master/10186_0184.jpg,web/10186_0184_web.jpg,thumb/10186_0184_thumb.jpg
186,86v,master/10186_0185.jpg,web/10186_0185_web.jpg,thumb/10186_0185_thumb.jpg
187,87r,master/10186_0186.jpg,web/10186_0186_web.jpg,thumb/10186_0186_thumb.jpg
188,87v,master/10186_0187.jpg,web/10186_0187_web.jpg,thumb/10186_0187_thumb.jpg
189,88r,master/10186_0188.jpg,web/10186_0188_web.jpg,thumb/10186_0188_thumb.jpg
190,88v,master/10186_0189.jpg,web/10186_0189_web.jpg,thumb/10186_0189_thumb.jpg
191,89r,master/10186_0190.jpg,web/10186_0190_web.jpg,thumb/10186_0190_thumb.jpg
192,89v,master/10186_0191.jpg,web/10186_0191_web.jpg,thumb/10186_0191_thumb.jpg
193,90r,master/10186_0192.jpg,web/10186_0192_web.jpg,thumb/10186_0192_thumb.jpg
194,90v,master/10186_0193.jpg,web/10186_0193_web.jpg,thumb/10186_0193_thumb.jpg
195,91r,master/10186_0194.jpg,web/10186_0194_web.jpg,thumb/10186_0194_thumb.jpg
196,91v,master/10186_0195.jpg,web/10186_0195_web.jpg,thumb/10186_0195_thumb.jpg
197,92r,master/10186_0196.jpg,web/10186_0196_web.jpg,thumb/10186_0196_thumb.jpg
198,92v,master/10186_0197.jpg,web/10186_0197_web.jpg,thumb/10186_0197_thumb.jpg
199,93r,master/10186_0198.jpg,web/10186_0198_web.jpg,thumb/10186_0198_thumb.jpg
200,93v,master/10186_0199.jpg,web/10186_0199_web.jpg,thumb/10186_0199_thumb.jpg
201,94r,master/10186_0200.jpg,web/10186_0200_web.jpg,thumb/10186_0200_thumb.jpg
202,94v,master/10186_0201.jpg,web/10186_0201_web.jpg,thumb/10186_0201_thumb.jpg
203,95r,master/10186_0202.jpg,web/10186_0202_web.jpg,thumb/10186_0202_thumb.jpg
204,95v,master/10186_0203.jpg,web/10186_0203_web.jpg,thumb/10186_0203_thumb.jpg
205,96r,master/10186_0204.jpg,web/10186_0204_web.jpg,thumb/10186_0204_thumb.jpg
206,96v,master/10186_0205.jpg,web/10186_0205_web.jpg,thumb/10186_0205_thumb.jpg
207,97r,master/10186_0206.jpg,web/10186_0206_web.jpg,thumb/10186_0206_thumb.jpg
208,97v,master/10186_0207.jpg,web/10186_0207_web.jpg,thumb/10186_0207_thumb.jpg
209,98r,master/10186_0208.jpg,web/10186_0208_web.jpg,thumb/10186_0208_thumb.jpg
210,98v,master/10186_0209.jpg,web/10186_0209_web.jpg,thumb/10186_0209_thumb.jpg
211,99r,master/10186_0210.jpg,web/10186_0210_web.jpg,thumb/10186_0210_thumb.jpg
212,99v,master/10186_0211.jpg,web/10186_0211_web.jpg,thumb/10186_0211_thumb.jpg
213,100r,master/10186_0212.jpg,web/10186_0212_web.jpg,thumb/10186_0212_thumb.jpg
214,100v,master/10186_0213.jpg,web/10186_0213_web.jpg,thumb/10186_0213_thumb.jpg
215,101r,master/10186_0214.jpg,web/10186_0214_web.jpg,thumb/10186_0214_thumb.jpg
216,101v,master/10186_0215.jpg,web/10186_0215_web.jpg,thumb/10186_0215_thumb.jpg
217,102r,master/10186_0216.jpg,web/10186_0216_web.jpg,thumb/10186_0216_thumb.jpg
218,102v,master/10186_0217.jpg,web/10186_0217_web.jpg,thumb/10186_0217_thumb.jpg
219,103r,master/10186_0218.jpg,web/10186_0218_web.jpg,thumb/10186_0218_thumb.jpg
220,103v,master/10186_0219.jpg,web/10186_0219_web.jpg,thumb/10186_0219_thumb.jpg
221,104r,master/10186_0220.jpg,web/10186_0220_web.jpg,thumb/10186_0220_thumb.jpg
222,104v,master/10186_0221.jpg,web/10186_0221_web.jpg,thumb/10186_0221_thumb.jpg
223,105r,master/10186_0222.jpg,web/10186_0222_web.jpg,thumb/10186_0222_thumb.jpg
224,105v,master/10186_0223.jpg,web/10186_0223_web.jpg,thumb/10186_0223_thumb.jpg
225,106r,master/10186_0224.jpg,web/10186_0224_web.jpg,thumb/10186_0224_thumb.jpg
226,106v,master/10186_0225.jpg,web/10186_0225_web.jpg,thumb/10186_0225_thumb.jpg
227,107r,master/10186_0226.jpg,web/10186_0226_web.jpg,thumb/10186_0226_thumb.jpg
228,107v,master/10186_0227.jpg,web/10186_0227_web.jpg,thumb/10186_0227_thumb.jpg
229,108r,master/10186_0228.jpg,web/10186_0228_web.jpg,thumb/10186_0228_thumb.jpg
230,108v,master/10186_0229.jpg,web/10186_0229_web.jpg,thumb/10186_0229_thumb.jpg
231,109r,master/10186_0230.jpg,web/10186_0230_web.jpg,thumb/10186_0230_thumb.jpg
232,109v,master/10186_0231.jpg,web/10186_0231_web.jpg,thumb/10186_0231_thumb.jpg
233,110r,master/10186_0232.jpg,web/10186_0232_web.jpg,thumb/10186_0232_thumb.jpg
234,110v,master/10186_0233.jpg,web/10186_0233_web.jpg,thumb/10186_0233_thumb.jpg
235,111r,master/10186_0234.jpg,web/10186_0234_web.jpg,thumb/10186_0234_thumb.jpg
236,111v,master/10186_0235.jpg,web/10186_0235_web.jpg,thumb/10186_0235_thumb.jpg
237,112r,master/10186_0236.jpg,web/10186_0236_web.jpg,thumb/10186_0236_thumb.jpg
238,112v,master/10186_0237.jpg,web/10186_0237_web.jpg,thumb/10186_0237_thumb.jpg
239,113r,master/10186_0238.jpg,web/10186_0238_web.jpg,thumb/10186_0238_thumb.jpg
240,113v,master/10186_0239.jpg,web/10186_0239_web.jpg,thumb/10186_0239_thumb.jpg
241,114r,master/10186_0240.jpg,web/10186_0240_web.jpg,thumb/10186_0240_thumb.jpg
242,114v,master/10186_0241.jpg,web/10186_0241_web.jpg,thumb/10186_0241_thumb.jpg
243,115r,master/10186_0242.jpg,web/10186_0242_web.jpg,thumb/10186_0242_thumb.jpg
244,115v,master/10186_0243.jpg,web/10186_0243_web.jpg,thumb/10186_0243_thumb.jpg
245,116r,master/10186_0244.jpg,web/10186_0244_web.jpg,thumb/10186_0244_thumb.jpg
246,116v,master/10186_0245.jpg,web/10186_0245_web.jpg,thumb/10186_0245_thumb.jpg
247,117r,master/10186_0246.jpg,web/10186_0246_web.jpg,thumb/10186_0246_thumb.jpg
248,117v,master/10186_0247.jpg,web/10186_0247_web.jpg,thumb/10186_0247_thumb.jpg
249,118r,master/10186_0248.jpg,web/10186_0248_web.jpg,thumb/10186_0248_thumb.jpg
250,118v,master/10186_0249.jpg,web/10186_0249_web.jpg,thumb/10186_0249_thumb.jpg
251,119r,master/10186_0250.jpg,web/10186_0250_web.jpg,thumb/10186_0250_thumb.jpg
252,119v,master/10186_0251.jpg,web/10186_0251_web.jpg,thumb/10186_0251_thumb.jpg
253,120r,master/10186_0252.jpg,web/10186_0252_web.jpg,thumb/10186_0252_thumb.jpg
254,120v,master/10186_0253.jpg,web/10186_0253_web.jpg,thumb/10186_0253_thumb.jpg
255,121r,master/10186_0254.jpg,web/10186_0254_web.jpg,thumb/10186_0254_thumb.jpg
256,121v,master/10186_0255.jpg,web/10186_0255_web.jpg,thumb/10186_0255_thumb.jpg
257,122r,master/10186_0256.jpg,web/10186_0256_web.jpg,thumb/10186_0256_thumb.jpg
258,122v,master/10186_0257.jpg,web/10186_0257_web.jpg,thumb/10186_0257_thumb.jpg
259,123r,master/10186_0258.jpg,web/10186_0258_web.jpg,thumb/10186_0258_thumb.jpg
260,123v,master/10186_0259.jpg,web/10186_0259_web.jpg,thumb/10186_0259_thumb.jpg
261,124r,master/10186_0260.jpg,web/10186_0260_web.jpg,thumb/10186_0260_thumb.jpg
262,124v,master/10186_0261.jpg,web/10186_0261_web.jpg,thumb/10186_0261_thumb.jpg
263,125r,master/10186_0262.jpg,web/10186_0262_web.jpg,thumb/10186_0262_thumb.jpg
264,125v,master/10186_0263.jpg,web/10186_0263_web.jpg,thumb/10186_0263_thumb.jpg
265,126r,master/10186_0264.jpg,web/10186_0264_web.jpg,thumb/10186_0264_thumb.jpg
266,126v,master/10186_0265.jpg,web/10186_0265_web.jpg,thumb/10186_0265_thumb.jpg
267,127r,master/10186_0266.jpg,web/10186_0266_web.jpg,thumb/10186_0266_thumb.jpg
268,127v,master/10186_0267.jpg,web/10186_0267_web.jpg,thumb/10186_0267_thumb.jpg
269,128r,master/10186_0268.jpg,web/10186_0268_web.jpg,thumb/10186_0268_thumb.jpg
270,128v,master/10186_0269.jpg,web/10186_0269_web.jpg,thumb/10186_0269_thumb.jpg
271,129r,master/10186_0270.jpg,web/10186_0270_web.jpg,thumb/10186_0270_thumb.jpg
272,129v,master/10186_0271.jpg,web/10186_0271_web.jpg,thumb/10186_0271_thumb.jpg
273,130r,master/10186_0272.jpg,web/10186_0272_web.jpg,thumb/10186_0272_thumb.jpg
274,130v,master/10186_0273.jpg,web/10186_0273_web.jpg,thumb/10186_0273_thumb.jpg
275,131r,master/10186_0274.jpg,web/10186_0274_web.jpg,thumb/10186_0274_thumb.jpg
276,131v,master/10186_0275.jpg,web/10186_0275_web.jpg,thumb/10186_0275_thumb.jpg
277,132r,master/10186_0276.jpg,web/10186_0276_web.jpg,thumb/10186_0276_thumb.jpg
278,132v,master/10186_0277.jpg,web/10186_0277_web.jpg,thumb/10186_0277_thumb.jpg
279,133r,master/10186_0278.jpg,web/10186_0278_web.jpg,thumb/10186_0278_thumb.jpg
280,133v,master/10186_0279.jpg,web/10186_0279_web.jpg,thumb/10186_0279_thumb.jpg
281,134r,master/10186_0280.jpg,web/10186_0280_web.jpg,thumb/10186_0280_thumb.jpg
282,134v,master/10186_0281.jpg,web/10186_0281_web.jpg,thumb/10186_0281_thumb.jpg
283,135r,master/10186_0282.jpg,web/10186_0282_web.jpg,thumb/10186_0282_thumb.jpg
284,135v,master/10186_0283.jpg,web/10186_0283_web.jpg,thumb/10186_0283_thumb.jpg
285,136r,master/10186_0284.jpg,web/10186_0284_web.jpg,thumb/10186_0284_thumb.jpg
286,136v,master/10186_0285.jpg,web/10186_0285_web.jpg,thumb/10186_0285_thumb.jpg
287,137r,master/10186_0286.jpg,web/10186_0286_web.jpg,thumb/10186_0286_thumb.jpg
288,137v,master/10186_0287.jpg,web/10186_0287_web.jpg,thumb/10186_0287_thumb.jpg
289,138r,master/10186_0288.jpg,web/10186_0288_web.jpg,thumb/10186_0288_thumb.jpg
290,138v,master/10186_0289.jpg,web/10186_0289_web.jpg,thumb/10186_0289_thumb.jpg
291,139r,master/10186_0290.jpg,web/10186_0290_web.jpg,thumb/10186_0290_thumb.jpg
292,139v,master/10186_0291.jpg,web/10186_0291_web.jpg,thumb/10186_0291_thumb.jpg
293,140r,master/10186_0292.jpg,web/10186_0292_web.jpg,thumb/10186_0292_thumb.jpg
294,140v,master/10186_0293.jpg,web/10186_0293_web.jpg,thumb/10186_0293_thumb.jpg
295,141r,master/10186_0294.jpg,web/10186_0294_web.jpg,thumb/10186_0294_thumb.jpg
296,141v,master/10186_0295.jpg,web/10186_0295_web.jpg,thumb/10186_0295_thumb.jpg
297,142r,master/10186_0296.jpg,web/10186_0296_web.jpg,thumb/10186_0296_thumb.jpg
298,142v,master/10186_0297.jpg,web/10186_0297_web.jpg,thumb/10186_0297_thumb.jpg
299,143r,master/10186_0298.jpg,web/10186_0298_web.jpg,thumb/10186_0298_thumb.jpg
300,143v,master/10186_0299.jpg,web/10186_0299_web.jpg,thumb/10186_0299_thumb.jpg
301,144r,master/10186_0300.jpg,web/10186_0300_web.jpg,thumb/10186_0300_thumb.jpg
302,144v,master/10186_0301.jpg,web/10186_0301_web.jpg,thumb/10186_0301_thumb.jpg
303,145r,master/10186_0302.jpg,web/10186_0302_web.jpg,thumb/10186_0302_thumb.jpg
304,145v,master/10186_0303.jpg,web/10186_0303_web.jpg,thumb/10186_0303_thumb.jpg
305,146r,master/10186_0304.jpg,web/10186_0304_web.jpg,thumb/10186_0304_thumb.jpg
306,146v,master/10186_0305.jpg,web/10186_0305_web.jpg,thumb/10186_0305_thumb.jpg
307,147r,master/10186_0306.jpg,web/10186_0306_web.jpg,thumb/10186_0306_thumb.jpg
308,147v,master/10186_0307.jpg,web/10186_0307_web.jpg,thumb/10186_0307_thumb.jpg
309,148r,master/10186_0308.jpg,web/10186_0308_web.jpg,thumb/10186_0308_thumb.jpg
310,148v,master/10186_0309.jpg,web/10186_0309_web.jpg,thumb/10186_0309_thumb.jpg
311,149r,master/10186_0310.jpg,web/10186_0310_web.jpg,thumb/10186_0310_thumb.jpg
312,149v,master/10186_0311.jpg,web/10186_0311_web.jpg,thumb/10186_0311_thumb.jpg
313,150r,master/10186_0312.jpg,web/10186_0312_web.jpg,thumb/10186_0312_thumb.jpg
314,150v,master/10186_0313.jpg,web/10186_0313_web.jpg,thumb/10186_0313_thumb.jpg
315,151r,master/10186_0314.jpg,web/10186_0314_web.jpg,thumb/10186_0314_thumb.jpg
316,151v,master/10186_0315.jpg,web/10186_0315_web.jpg,thumb/10186_0315_thumb.jpg
317,152r,master/10186_0316.jpg,web/10186_0316_web.jpg,thumb/10186_0316_thumb.jpg
318,152v,master/10186_0317.jpg,web/10186_0317_web.jpg,thumb/10186_0317_thumb.jpg
319,153r,master/10186_0318.jpg,web/10186_0318_web.jpg,thumb/10186_0318_thumb.jpg
320,153v,master/10186_0319.jpg,web/10186_0319_web.jpg,thumb/10186_0319_thumb.jpg
321,154r,master/10186_0320.jpg,web/10186_0320_web.jpg,thumb/10186_0320_thumb.jpg
322,154v,master/10186_0321.jpg,web/10186_0321_web.jpg,thumb/10186_0321_thumb.jpg
323,155r,master/10186_0322.jpg,web/10186_0322_web.jpg,thumb/10186_0322_thumb.jpg
324,155v,master/10186_0323.jpg,web/10186_0323_web.jpg,thumb/10186_0323_thumb.jpg
325,156r,master/10186_0324.jpg,web/10186_0324_web.jpg,thumb/10186_0324_thumb.jpg
326,156v,master/10186_0325.jpg,web/10186_0325_web.jpg,thumb/10186_0325_thumb.jpg
327,157r,master/10186_0326.jpg,web/10186_0326_web.jpg,thumb/10186_0326_thumb.jpg
328,157v,master/10186_0327.jpg,web/10186_0327_web.jpg,thumb/10186_0327_thumb.jpg
329,158r,master/10186_0328.jpg,web/10186_0328_web.jpg,thumb/10186_0328_thumb.jpg
330,158v,master/10186_0329.jpg,web/10186_0329_web.jpg,thumb/10186_0329_thumb.jpg
331,159r,master/10186_0330.jpg,web/10186_0330_web.jpg,thumb/10186_0330_thumb.jpg
332,159v,master/10186_0331.jpg,web/10186_0331_web.jpg,thumb/10186_0331_thumb.jpg
333,160r,master/10186_0332.jpg,web/10186_0332_web.jpg,thumb/10186_0332_thumb.jpg
334,160v,master/10186_0333.jpg,web/10186_0333_web.jpg,thumb/10186_0333_thumb.jpg
335,161r,master/10186_0334.jpg,web/10186_0334_web.jpg,thumb/10186_0334_thumb.jpg
336,161v,master/10186_0335.jpg,web/10186_0335_web.jpg,thumb/10186_0335_thumb.jpg
337,162r,master/10186_0336.jpg,web/10186_0336_web.jpg,thumb/10186_0336_thumb.jpg
338,162v,master/10186_0337.jpg,web/10186_0337_web.jpg,thumb/10186_0337_thumb.jpg
339,163r,master/10186_0338.jpg,web/10186_0338_web.jpg,thumb/10186_0338_thumb.jpg
340,163v,master/10186_0339.jpg,web/10186_0339_web.jpg,thumb/10186_0339_thumb.jpg
341,164r,master/10186_0340.jpg,web/10186_0340_web.jpg,thumb/10186_0340_thumb.jpg
342,164v,master/10186_0341.jpg,web/10186_0341_web.jpg,thumb/10186_0341_thumb.jpg
343,165r,master/10186_0342.jpg,web/10186_0342_web.jpg,thumb/10186_0342_thumb.jpg
344,165v,master/10186_0343.jpg,web/10186_0343_web.jpg,thumb/10186_0343_thumb.jpg
345,166r,master/10186_0344.jpg,web/10186_0344_web.jpg,thumb/10186_0344_thumb.jpg
346,166v,master/10186_0345.jpg,web/10186_0345_web.jpg,thumb/10186_0345_thumb.jpg
347,167r,master/10186_0346.jpg,web/10186_0346_web.jpg,thumb/10186_0346_thumb.jpg
348,167v,master/10186_0347.jpg,web/10186_0347_web.jpg,thumb/10186_0347_thumb.jpg
349,168r,master/10186_0348.jpg,web/10186_0348_web.jpg,thumb/10186_0348_thumb.jpg
350,168v,master/10186_0349.jpg,web/10186_0349_web.jpg,thumb/10186_0349_thumb.jpg
351,169r,master/10186_0350.jpg,web/10186_0350_web.jpg,thumb/10186_0350_thumb.jpg
352,169v,master/10186_0351.jpg,web/10186_0351_web.jpg,thumb/10186_0351_thumb.jpg
353,170r,master/10186_0352.jpg,web/10186_0352_web.jpg,thumb/10186_0352_thumb.jpg
354,170v,master/10186_0353.jpg,web/10186_0353_web.jpg,thumb/10186_0353_thumb.jpg
355,171r,master/10186_0354.jpg,web/10186_0354_web.jpg,thumb/10186_0354_thumb.jpg
356,171v,master/10186_0355.jpg,web/10186_0355_web.jpg,thumb/10186_0355_thumb.jpg
357,172r,master/10186_0356.jpg,web/10186_0356_web.jpg,thumb/10186_0356_thumb.jpg
358,172v,master/10186_0357.jpg,web/10186_0357_web.jpg,thumb/10186_0357_thumb.jpg
359,173r,master/10186_0358.jpg,web/10186_0358_web.jpg,thumb/10186_0358_thumb.jpg
360,173v,master/10186_0359.jpg,web/10186_0359_web.jpg,thumb/10186_0359_thumb.jpg
361,174r,master/10186_0360.jpg,web/10186_0360_web.jpg,thumb/10186_0360_thumb.jpg
362,174v,master/10186_0361.jpg,web/10186_0361_web.jpg,thumb/10186_0361_thumb.jpg
363,175r,master/10186_0362.jpg,web/10186_0362_web.jpg,thumb/10186_0362_thumb.jpg
364,175v,master/10186_0363.jpg,web/10186_0363_web.jpg,thumb/10186_0363_thumb.jpg
365,176r,master/10186_0364.jpg,web/10186_0364_web.jpg,thumb/10186_0364_thumb.jpg
366,176v,master/10186_0365.jpg,web/10186_0365_web.jpg,thumb/10186_0365_thumb.jpg
367,177r,master/10186_0366.jpg,web/10186_0366_web.jpg,thumb/10186_0366_thumb.jpg
368,177v,master/10186_0367.jpg,web/10186_0367_web.jpg,thumb/10186_0367_thumb.jpg
369,i-r,master/10186_0368.jpg,web/10186_0368_web.jpg,thumb/10186_0368_thumb.jpg
370,i-v,master/10186_0369.jpg,web/10186_0369_web.jpg,thumb/10186_0369_thumb.jpg
371,ii-r,master/10186_0370.jpg,web/10186_0370_web.jpg,thumb/10186_0370_thumb.jpg
372,ii-v,master/10186_0371.jpg,web/10186_0371_web.jpg,thumb/10186_0371_thumb.jpg
373,iii-r,master/10186_0372.jpg,web/10186_0372_web.jpg,thumb/10186_0372_thumb.jpg
374,iii-v,master/10186_0373.jpg,web/10186_0373_web.jpg,thumb/10186_0373_thumb.jpg
375,iv-r,master/10186_0374.jpg,web/10186_0374_web.jpg,thumb/10186_0374_thumb.jpg
376,iv-v,master/10186_0375.jpg,web/10186_0375_web.jpg,thumb/10186_0375_thumb.jpg
377,v-r,master/10186_0376.jpg,web/10186_0376_web.jpg,thumb/10186_0376_thumb.jpg
378,v-v,master/10186_0377.jpg,web/10186_0377_web.jpg,thumb/10186_0377_thumb.jpg
379,back-i,master/10186_0378.jpg,web/10186_0378_web.jpg,thumb/10186_0378_thumb.jpg
380,back,master/10186_0379.jpg,web/10186_0379_web.jpg,thumb/10186_0379_thumb.jpg
381,spine,master/10186_0380.jpg,web/10186_0380_web.jpg,thumb/10186_0380_thumb.jpg
