postion,page_no,archival_tiff,web_jpeg,thumbnail_jpeg
1,front,master/13279_0000.jpg,web/13279_0000_web.jpg,thumb/13279_0000_thumb.jpg
2,front-i,master/13279_0001.jpg,web/13279_0001_web.jpg,thumb/13279_0001_thumb.jpg
3,i-r,master/13279_0002.jpg,web/13279_0002_web.jpg,thumb/13279_0002_thumb.jpg
4,i-v,master/13279_0003.jpg,web/13279_0003_web.jpg,thumb/13279_0003_thumb.jpg
5,ii-r,master/13279_0004.jpg,web/13279_0004_web.jpg,thumb/13279_0004_thumb.jpg
6,1r,master/13279_0005.jpg,web/13279_0005_web.jpg,thumb/13279_0005_thumb.jpg
7,1v,master/13279_0006.jpg,web/13279_0006_web.jpg,thumb/13279_0006_thumb.jpg
8,2r,master/13279_0007.jpg,web/13279_0007_web.jpg,thumb/13279_0007_thumb.jpg
9,2v,master/13279_0008.jpg,web/13279_0008_web.jpg,thumb/13279_0008_thumb.jpg
10,2*r,master/13279_0009.jpg,web/13279_0009_web.jpg,thumb/13279_0009_thumb.jpg
11,2*v,master/13279_0010.jpg,web/13279_0010_web.jpg,thumb/13279_0010_thumb.jpg
12,3r,master/13279_0011.jpg,web/13279_0011_web.jpg,thumb/13279_0011_thumb.jpg
13,3v,master/13279_0012.jpg,web/13279_0012_web.jpg,thumb/13279_0012_thumb.jpg
14,4r,master/13279_0013.jpg,web/13279_0013_web.jpg,thumb/13279_0013_thumb.jpg
15,4v,master/13279_0014.jpg,web/13279_0014_web.jpg,thumb/13279_0014_thumb.jpg
16,5r,master/13279_0015.jpg,web/13279_0015_web.jpg,thumb/13279_0015_thumb.jpg
17,5v,master/13279_0016.jpg,web/13279_0016_web.jpg,thumb/13279_0016_thumb.jpg
18,6r,master/13279_0017.jpg,web/13279_0017_web.jpg,thumb/13279_0017_thumb.jpg
19,6v,master/13279_0018.jpg,web/13279_0018_web.jpg,thumb/13279_0018_thumb.jpg
20,7r,master/13279_0019.jpg,web/13279_0019_web.jpg,thumb/13279_0019_thumb.jpg
21,7v,master/13279_0020.jpg,web/13279_0020_web.jpg,thumb/13279_0020_thumb.jpg
22,8r,master/13279_0021.jpg,web/13279_0021_web.jpg,thumb/13279_0021_thumb.jpg
23,8v,master/13279_0022.jpg,web/13279_0022_web.jpg,thumb/13279_0022_thumb.jpg
24,9r,master/13279_0023.jpg,web/13279_0023_web.jpg,thumb/13279_0023_thumb.jpg
25,9v,master/13279_0024.jpg,web/13279_0024_web.jpg,thumb/13279_0024_thumb.jpg
26,10r,master/13279_0025.jpg,web/13279_0025_web.jpg,thumb/13279_0025_thumb.jpg
27,10v,master/13279_0026.jpg,web/13279_0026_web.jpg,thumb/13279_0026_thumb.jpg
28,11r,master/13279_0027.jpg,web/13279_0027_web.jpg,thumb/13279_0027_thumb.jpg
29,11v,master/13279_0028.jpg,web/13279_0028_web.jpg,thumb/13279_0028_thumb.jpg
30,12r,master/13279_0029.jpg,web/13279_0029_web.jpg,thumb/13279_0029_thumb.jpg
31,12v,master/13279_0030.jpg,web/13279_0030_web.jpg,thumb/13279_0030_thumb.jpg
32,13r,master/13279_0031.jpg,web/13279_0031_web.jpg,thumb/13279_0031_thumb.jpg
33,13v,master/13279_0032.jpg,web/13279_0032_web.jpg,thumb/13279_0032_thumb.jpg
34,14r,master/13279_0033.jpg,web/13279_0033_web.jpg,thumb/13279_0033_thumb.jpg
35,14v,master/13279_0034.jpg,web/13279_0034_web.jpg,thumb/13279_0034_thumb.jpg
36,15r,master/13279_0035.jpg,web/13279_0035_web.jpg,thumb/13279_0035_thumb.jpg
37,15v,master/13279_0036.jpg,web/13279_0036_web.jpg,thumb/13279_0036_thumb.jpg
38,16r,master/13279_0037.jpg,web/13279_0037_web.jpg,thumb/13279_0037_thumb.jpg
39,16v,master/13279_0038.jpg,web/13279_0038_web.jpg,thumb/13279_0038_thumb.jpg
40,17r,master/13279_0039.jpg,web/13279_0039_web.jpg,thumb/13279_0039_thumb.jpg
41,17v,master/13279_0040.jpg,web/13279_0040_web.jpg,thumb/13279_0040_thumb.jpg
42,18r,master/13279_0041.jpg,web/13279_0041_web.jpg,thumb/13279_0041_thumb.jpg
43,18v,master/13279_0042.jpg,web/13279_0042_web.jpg,thumb/13279_0042_thumb.jpg
44,19r,master/13279_0043.jpg,web/13279_0043_web.jpg,thumb/13279_0043_thumb.jpg
45,19v,master/13279_0044.jpg,web/13279_0044_web.jpg,thumb/13279_0044_thumb.jpg
46,20r,master/13279_0045.jpg,web/13279_0045_web.jpg,thumb/13279_0045_thumb.jpg
47,20v,master/13279_0046.jpg,web/13279_0046_web.jpg,thumb/13279_0046_thumb.jpg
48,21r,master/13279_0047.jpg,web/13279_0047_web.jpg,thumb/13279_0047_thumb.jpg
49,21v,master/13279_0048.jpg,web/13279_0048_web.jpg,thumb/13279_0048_thumb.jpg
50,22r,master/13279_0049.jpg,web/13279_0049_web.jpg,thumb/13279_0049_thumb.jpg
51,22v,master/13279_0050.jpg,web/13279_0050_web.jpg,thumb/13279_0050_thumb.jpg
52,23r,master/13279_0051.jpg,web/13279_0051_web.jpg,thumb/13279_0051_thumb.jpg
53,23v,master/13279_0052.jpg,web/13279_0052_web.jpg,thumb/13279_0052_thumb.jpg
54,24r,master/13279_0053.jpg,web/13279_0053_web.jpg,thumb/13279_0053_thumb.jpg
55,24v,master/13279_0054.jpg,web/13279_0054_web.jpg,thumb/13279_0054_thumb.jpg
56,25r,master/13279_0055.jpg,web/13279_0055_web.jpg,thumb/13279_0055_thumb.jpg
57,25v,master/13279_0056.jpg,web/13279_0056_web.jpg,thumb/13279_0056_thumb.jpg
58,26r,master/13279_0057.jpg,web/13279_0057_web.jpg,thumb/13279_0057_thumb.jpg
59,26v,master/13279_0058.jpg,web/13279_0058_web.jpg,thumb/13279_0058_thumb.jpg
60,27r,master/13279_0059.jpg,web/13279_0059_web.jpg,thumb/13279_0059_thumb.jpg
61,27v,master/13279_0060.jpg,web/13279_0060_web.jpg,thumb/13279_0060_thumb.jpg
62,28r,master/13279_0061.jpg,web/13279_0061_web.jpg,thumb/13279_0061_thumb.jpg
63,28v,master/13279_0062.jpg,web/13279_0062_web.jpg,thumb/13279_0062_thumb.jpg
64,29r,master/13279_0063.jpg,web/13279_0063_web.jpg,thumb/13279_0063_thumb.jpg
65,29v,master/13279_0064.jpg,web/13279_0064_web.jpg,thumb/13279_0064_thumb.jpg
66,30r,master/13279_0065.jpg,web/13279_0065_web.jpg,thumb/13279_0065_thumb.jpg
67,30v,master/13279_0066.jpg,web/13279_0066_web.jpg,thumb/13279_0066_thumb.jpg
68,31r,master/13279_0067.jpg,web/13279_0067_web.jpg,thumb/13279_0067_thumb.jpg
69,31v,master/13279_0068.jpg,web/13279_0068_web.jpg,thumb/13279_0068_thumb.jpg
70,32r,master/13279_0069.jpg,web/13279_0069_web.jpg,thumb/13279_0069_thumb.jpg
71,32v,master/13279_0070.jpg,web/13279_0070_web.jpg,thumb/13279_0070_thumb.jpg
72,33r,master/13279_0071.jpg,web/13279_0071_web.jpg,thumb/13279_0071_thumb.jpg
73,33v,master/13279_0072.jpg,web/13279_0072_web.jpg,thumb/13279_0072_thumb.jpg
74,34r,master/13279_0073.jpg,web/13279_0073_web.jpg,thumb/13279_0073_thumb.jpg
75,34v,master/13279_0074.jpg,web/13279_0074_web.jpg,thumb/13279_0074_thumb.jpg
76,35r,master/13279_0075.jpg,web/13279_0075_web.jpg,thumb/13279_0075_thumb.jpg
77,35v,master/13279_0076.jpg,web/13279_0076_web.jpg,thumb/13279_0076_thumb.jpg
78,36r,master/13279_0077.jpg,web/13279_0077_web.jpg,thumb/13279_0077_thumb.jpg
79,36v,master/13279_0078.jpg,web/13279_0078_web.jpg,thumb/13279_0078_thumb.jpg
80,37r,master/13279_0079.jpg,web/13279_0079_web.jpg,thumb/13279_0079_thumb.jpg
81,37v,master/13279_0080.jpg,web/13279_0080_web.jpg,thumb/13279_0080_thumb.jpg
82,38r,master/13279_0081.jpg,web/13279_0081_web.jpg,thumb/13279_0081_thumb.jpg
83,38v,master/13279_0082.jpg,web/13279_0082_web.jpg,thumb/13279_0082_thumb.jpg
84,39r,master/13279_0083.jpg,web/13279_0083_web.jpg,thumb/13279_0083_thumb.jpg
85,39v,master/13279_0084.jpg,web/13279_0084_web.jpg,thumb/13279_0084_thumb.jpg
86,40r,master/13279_0085.jpg,web/13279_0085_web.jpg,thumb/13279_0085_thumb.jpg
87,40v,master/13279_0086.jpg,web/13279_0086_web.jpg,thumb/13279_0086_thumb.jpg
88,41r,master/13279_0087.jpg,web/13279_0087_web.jpg,thumb/13279_0087_thumb.jpg
89,41v,master/13279_0088.jpg,web/13279_0088_web.jpg,thumb/13279_0088_thumb.jpg
90,42r,master/13279_0089.jpg,web/13279_0089_web.jpg,thumb/13279_0089_thumb.jpg
91,42v,master/13279_0090.jpg,web/13279_0090_web.jpg,thumb/13279_0090_thumb.jpg
92,43r,master/13279_0091.jpg,web/13279_0091_web.jpg,thumb/13279_0091_thumb.jpg
93,43v,master/13279_0092.jpg,web/13279_0092_web.jpg,thumb/13279_0092_thumb.jpg
94,44r,master/13279_0093.jpg,web/13279_0093_web.jpg,thumb/13279_0093_thumb.jpg
95,44v,master/13279_0094.jpg,web/13279_0094_web.jpg,thumb/13279_0094_thumb.jpg
96,45r,master/13279_0095.jpg,web/13279_0095_web.jpg,thumb/13279_0095_thumb.jpg
97,45v,master/13279_0096.jpg,web/13279_0096_web.jpg,thumb/13279_0096_thumb.jpg
98,46r,master/13279_0097.jpg,web/13279_0097_web.jpg,thumb/13279_0097_thumb.jpg
99,46v,master/13279_0098.jpg,web/13279_0098_web.jpg,thumb/13279_0098_thumb.jpg
100,47r,master/13279_0099.jpg,web/13279_0099_web.jpg,thumb/13279_0099_thumb.jpg
101,47v,master/13279_0100.jpg,web/13279_0100_web.jpg,thumb/13279_0100_thumb.jpg
102,48r,master/13279_0101.jpg,web/13279_0101_web.jpg,thumb/13279_0101_thumb.jpg
103,48v,master/13279_0102.jpg,web/13279_0102_web.jpg,thumb/13279_0102_thumb.jpg
104,49r,master/13279_0103.jpg,web/13279_0103_web.jpg,thumb/13279_0103_thumb.jpg
105,49v,master/13279_0104.jpg,web/13279_0104_web.jpg,thumb/13279_0104_thumb.jpg
106,50r,master/13279_0105.jpg,web/13279_0105_web.jpg,thumb/13279_0105_thumb.jpg
107,50v,master/13279_0106.jpg,web/13279_0106_web.jpg,thumb/13279_0106_thumb.jpg
108,51r,master/13279_0107.jpg,web/13279_0107_web.jpg,thumb/13279_0107_thumb.jpg
109,51v,master/13279_0108.jpg,web/13279_0108_web.jpg,thumb/13279_0108_thumb.jpg
110,52r,master/13279_0109.jpg,web/13279_0109_web.jpg,thumb/13279_0109_thumb.jpg
111,52v,master/13279_0110.jpg,web/13279_0110_web.jpg,thumb/13279_0110_thumb.jpg
112,53r,master/13279_0111.jpg,web/13279_0111_web.jpg,thumb/13279_0111_thumb.jpg
113,53v,master/13279_0112.jpg,web/13279_0112_web.jpg,thumb/13279_0112_thumb.jpg
114,54r,master/13279_0113.jpg,web/13279_0113_web.jpg,thumb/13279_0113_thumb.jpg
115,54v,master/13279_0114.jpg,web/13279_0114_web.jpg,thumb/13279_0114_thumb.jpg
116,55r,master/13279_0115.jpg,web/13279_0115_web.jpg,thumb/13279_0115_thumb.jpg
117,55v,master/13279_0116.jpg,web/13279_0116_web.jpg,thumb/13279_0116_thumb.jpg
118,56r,master/13279_0117.jpg,web/13279_0117_web.jpg,thumb/13279_0117_thumb.jpg
119,56v,master/13279_0118.jpg,web/13279_0118_web.jpg,thumb/13279_0118_thumb.jpg
120,57r,master/13279_0119.jpg,web/13279_0119_web.jpg,thumb/13279_0119_thumb.jpg
121,57v,master/13279_0120.jpg,web/13279_0120_web.jpg,thumb/13279_0120_thumb.jpg
122,58r,master/13279_0121.jpg,web/13279_0121_web.jpg,thumb/13279_0121_thumb.jpg
123,58v,master/13279_0122.jpg,web/13279_0122_web.jpg,thumb/13279_0122_thumb.jpg
124,59r,master/13279_0123.jpg,web/13279_0123_web.jpg,thumb/13279_0123_thumb.jpg
125,59v,master/13279_0124.jpg,web/13279_0124_web.jpg,thumb/13279_0124_thumb.jpg
126,60r,master/13279_0125.jpg,web/13279_0125_web.jpg,thumb/13279_0125_thumb.jpg
127,60v,master/13279_0126.jpg,web/13279_0126_web.jpg,thumb/13279_0126_thumb.jpg
128,61r,master/13279_0127.jpg,web/13279_0127_web.jpg,thumb/13279_0127_thumb.jpg
129,61v,master/13279_0128.jpg,web/13279_0128_web.jpg,thumb/13279_0128_thumb.jpg
130,62r,master/13279_0129.jpg,web/13279_0129_web.jpg,thumb/13279_0129_thumb.jpg
131,62v,master/13279_0130.jpg,web/13279_0130_web.jpg,thumb/13279_0130_thumb.jpg
132,63r,master/13279_0131.jpg,web/13279_0131_web.jpg,thumb/13279_0131_thumb.jpg
133,63v,master/13279_0132.jpg,web/13279_0132_web.jpg,thumb/13279_0132_thumb.jpg
134,64r,master/13279_0133.jpg,web/13279_0133_web.jpg,thumb/13279_0133_thumb.jpg
135,64v,master/13279_0134.jpg,web/13279_0134_web.jpg,thumb/13279_0134_thumb.jpg
136,65r,master/13279_0135.jpg,web/13279_0135_web.jpg,thumb/13279_0135_thumb.jpg
137,65v,master/13279_0136.jpg,web/13279_0136_web.jpg,thumb/13279_0136_thumb.jpg
138,66r,master/13279_0137.jpg,web/13279_0137_web.jpg,thumb/13279_0137_thumb.jpg
139,66v,master/13279_0138.jpg,web/13279_0138_web.jpg,thumb/13279_0138_thumb.jpg
140,67r,master/13279_0139.jpg,web/13279_0139_web.jpg,thumb/13279_0139_thumb.jpg
141,67v,master/13279_0140.jpg,web/13279_0140_web.jpg,thumb/13279_0140_thumb.jpg
142,68r,master/13279_0141.jpg,web/13279_0141_web.jpg,thumb/13279_0141_thumb.jpg
143,68v,master/13279_0142.jpg,web/13279_0142_web.jpg,thumb/13279_0142_thumb.jpg
144,69r,master/13279_0143.jpg,web/13279_0143_web.jpg,thumb/13279_0143_thumb.jpg
145,69v,master/13279_0144.jpg,web/13279_0144_web.jpg,thumb/13279_0144_thumb.jpg
146,70r,master/13279_0145.jpg,web/13279_0145_web.jpg,thumb/13279_0145_thumb.jpg
147,70v,master/13279_0146.jpg,web/13279_0146_web.jpg,thumb/13279_0146_thumb.jpg
148,71r,master/13279_0147.jpg,web/13279_0147_web.jpg,thumb/13279_0147_thumb.jpg
149,71v,master/13279_0148.jpg,web/13279_0148_web.jpg,thumb/13279_0148_thumb.jpg
150,72r,master/13279_0149.jpg,web/13279_0149_web.jpg,thumb/13279_0149_thumb.jpg
151,72v,master/13279_0150.jpg,web/13279_0150_web.jpg,thumb/13279_0150_thumb.jpg
152,73r,master/13279_0151.jpg,web/13279_0151_web.jpg,thumb/13279_0151_thumb.jpg
153,73v,master/13279_0152.jpg,web/13279_0152_web.jpg,thumb/13279_0152_thumb.jpg
154,74r,master/13279_0153.jpg,web/13279_0153_web.jpg,thumb/13279_0153_thumb.jpg
155,74v,master/13279_0154.jpg,web/13279_0154_web.jpg,thumb/13279_0154_thumb.jpg
156,75r,master/13279_0155.jpg,web/13279_0155_web.jpg,thumb/13279_0155_thumb.jpg
157,75v,master/13279_0156.jpg,web/13279_0156_web.jpg,thumb/13279_0156_thumb.jpg
158,76r,master/13279_0157.jpg,web/13279_0157_web.jpg,thumb/13279_0157_thumb.jpg
159,76v,master/13279_0158.jpg,web/13279_0158_web.jpg,thumb/13279_0158_thumb.jpg
160,77r,master/13279_0159.jpg,web/13279_0159_web.jpg,thumb/13279_0159_thumb.jpg
161,77v,master/13279_0160.jpg,web/13279_0160_web.jpg,thumb/13279_0160_thumb.jpg
162,78r,master/13279_0161.jpg,web/13279_0161_web.jpg,thumb/13279_0161_thumb.jpg
163,78v,master/13279_0162.jpg,web/13279_0162_web.jpg,thumb/13279_0162_thumb.jpg
164,79r,master/13279_0163.jpg,web/13279_0163_web.jpg,thumb/13279_0163_thumb.jpg
165,79v,master/13279_0164.jpg,web/13279_0164_web.jpg,thumb/13279_0164_thumb.jpg
166,80r,master/13279_0165.jpg,web/13279_0165_web.jpg,thumb/13279_0165_thumb.jpg
167,80v,master/13279_0166.jpg,web/13279_0166_web.jpg,thumb/13279_0166_thumb.jpg
168,81r,master/13279_0167.jpg,web/13279_0167_web.jpg,thumb/13279_0167_thumb.jpg
169,81v,master/13279_0168.jpg,web/13279_0168_web.jpg,thumb/13279_0168_thumb.jpg
170,82r,master/13279_0169.jpg,web/13279_0169_web.jpg,thumb/13279_0169_thumb.jpg
171,82v,master/13279_0170.jpg,web/13279_0170_web.jpg,thumb/13279_0170_thumb.jpg
172,83r,master/13279_0171.jpg,web/13279_0171_web.jpg,thumb/13279_0171_thumb.jpg
173,83v,master/13279_0172.jpg,web/13279_0172_web.jpg,thumb/13279_0172_thumb.jpg
174,84r,master/13279_0173.jpg,web/13279_0173_web.jpg,thumb/13279_0173_thumb.jpg
175,84v,master/13279_0174.jpg,web/13279_0174_web.jpg,thumb/13279_0174_thumb.jpg
176,85r,master/13279_0175.jpg,web/13279_0175_web.jpg,thumb/13279_0175_thumb.jpg
177,85v,master/13279_0176.jpg,web/13279_0176_web.jpg,thumb/13279_0176_thumb.jpg
178,86r,master/13279_0177.jpg,web/13279_0177_web.jpg,thumb/13279_0177_thumb.jpg
179,86v,master/13279_0178.jpg,web/13279_0178_web.jpg,thumb/13279_0178_thumb.jpg
180,87r,master/13279_0179.jpg,web/13279_0179_web.jpg,thumb/13279_0179_thumb.jpg
181,87v,master/13279_0180.jpg,web/13279_0180_web.jpg,thumb/13279_0180_thumb.jpg
182,88r,master/13279_0181.jpg,web/13279_0181_web.jpg,thumb/13279_0181_thumb.jpg
183,88v,master/13279_0182.jpg,web/13279_0182_web.jpg,thumb/13279_0182_thumb.jpg
184,89r,master/13279_0183.jpg,web/13279_0183_web.jpg,thumb/13279_0183_thumb.jpg
185,89v,master/13279_0184.jpg,web/13279_0184_web.jpg,thumb/13279_0184_thumb.jpg
186,90r,master/13279_0185.jpg,web/13279_0185_web.jpg,thumb/13279_0185_thumb.jpg
187,90v,master/13279_0186.jpg,web/13279_0186_web.jpg,thumb/13279_0186_thumb.jpg
188,91r,master/13279_0187.jpg,web/13279_0187_web.jpg,thumb/13279_0187_thumb.jpg
189,91v,master/13279_0188.jpg,web/13279_0188_web.jpg,thumb/13279_0188_thumb.jpg
190,92r,master/13279_0189.jpg,web/13279_0189_web.jpg,thumb/13279_0189_thumb.jpg
191,92v,master/13279_0190.jpg,web/13279_0190_web.jpg,thumb/13279_0190_thumb.jpg
192,93r,master/13279_0191.jpg,web/13279_0191_web.jpg,thumb/13279_0191_thumb.jpg
193,93v,master/13279_0192.jpg,web/13279_0192_web.jpg,thumb/13279_0192_thumb.jpg
194,94r,master/13279_0193.jpg,web/13279_0193_web.jpg,thumb/13279_0193_thumb.jpg
195,94v,master/13279_0194.jpg,web/13279_0194_web.jpg,thumb/13279_0194_thumb.jpg
196,95r,master/13279_0195.jpg,web/13279_0195_web.jpg,thumb/13279_0195_thumb.jpg
197,95v,master/13279_0196.jpg,web/13279_0196_web.jpg,thumb/13279_0196_thumb.jpg
198,96r,master/13279_0197.jpg,web/13279_0197_web.jpg,thumb/13279_0197_thumb.jpg
199,96v,master/13279_0198.jpg,web/13279_0198_web.jpg,thumb/13279_0198_thumb.jpg
200,97r,master/13279_0199.jpg,web/13279_0199_web.jpg,thumb/13279_0199_thumb.jpg
201,97v,master/13279_0200.jpg,web/13279_0200_web.jpg,thumb/13279_0200_thumb.jpg
202,98r,master/13279_0201.jpg,web/13279_0201_web.jpg,thumb/13279_0201_thumb.jpg
203,98v,master/13279_0202.jpg,web/13279_0202_web.jpg,thumb/13279_0202_thumb.jpg
204,99r,master/13279_0203.jpg,web/13279_0203_web.jpg,thumb/13279_0203_thumb.jpg
205,99v,master/13279_0204.jpg,web/13279_0204_web.jpg,thumb/13279_0204_thumb.jpg
206,100r,master/13279_0205.jpg,web/13279_0205_web.jpg,thumb/13279_0205_thumb.jpg
207,100v,master/13279_0206.jpg,web/13279_0206_web.jpg,thumb/13279_0206_thumb.jpg
208,101r,master/13279_0207.jpg,web/13279_0207_web.jpg,thumb/13279_0207_thumb.jpg
209,101v,master/13279_0208.jpg,web/13279_0208_web.jpg,thumb/13279_0208_thumb.jpg
210,102r,master/13279_0209.jpg,web/13279_0209_web.jpg,thumb/13279_0209_thumb.jpg
211,102v,master/13279_0210.jpg,web/13279_0210_web.jpg,thumb/13279_0210_thumb.jpg
212,103r,master/13279_0211.jpg,web/13279_0211_web.jpg,thumb/13279_0211_thumb.jpg
213,103v,master/13279_0212.jpg,web/13279_0212_web.jpg,thumb/13279_0212_thumb.jpg
214,104r,master/13279_0213.jpg,web/13279_0213_web.jpg,thumb/13279_0213_thumb.jpg
215,104v,master/13279_0214.jpg,web/13279_0214_web.jpg,thumb/13279_0214_thumb.jpg
216,105r,master/13279_0215.jpg,web/13279_0215_web.jpg,thumb/13279_0215_thumb.jpg
217,105v,master/13279_0216.jpg,web/13279_0216_web.jpg,thumb/13279_0216_thumb.jpg
218,106r,master/13279_0217.jpg,web/13279_0217_web.jpg,thumb/13279_0217_thumb.jpg
219,106v,master/13279_0218.jpg,web/13279_0218_web.jpg,thumb/13279_0218_thumb.jpg
220,107r,master/13279_0219.jpg,web/13279_0219_web.jpg,thumb/13279_0219_thumb.jpg
221,107v,master/13279_0220.jpg,web/13279_0220_web.jpg,thumb/13279_0220_thumb.jpg
222,108r,master/13279_0221.jpg,web/13279_0221_web.jpg,thumb/13279_0221_thumb.jpg
223,108v,master/13279_0222.jpg,web/13279_0222_web.jpg,thumb/13279_0222_thumb.jpg
224,109r,master/13279_0223.jpg,web/13279_0223_web.jpg,thumb/13279_0223_thumb.jpg
225,109v,master/13279_0224.jpg,web/13279_0224_web.jpg,thumb/13279_0224_thumb.jpg
226,110r,master/13279_0225.jpg,web/13279_0225_web.jpg,thumb/13279_0225_thumb.jpg
227,110v,master/13279_0226.jpg,web/13279_0226_web.jpg,thumb/13279_0226_thumb.jpg
228,111r,master/13279_0227.jpg,web/13279_0227_web.jpg,thumb/13279_0227_thumb.jpg
229,111v,master/13279_0228.jpg,web/13279_0228_web.jpg,thumb/13279_0228_thumb.jpg
230,112r,master/13279_0229.jpg,web/13279_0229_web.jpg,thumb/13279_0229_thumb.jpg
231,112v,master/13279_0230.jpg,web/13279_0230_web.jpg,thumb/13279_0230_thumb.jpg
232,113r,master/13279_0231.jpg,web/13279_0231_web.jpg,thumb/13279_0231_thumb.jpg
233,113v,master/13279_0232.jpg,web/13279_0232_web.jpg,thumb/13279_0232_thumb.jpg
234,114r,master/13279_0233.jpg,web/13279_0233_web.jpg,thumb/13279_0233_thumb.jpg
235,114v,master/13279_0234.jpg,web/13279_0234_web.jpg,thumb/13279_0234_thumb.jpg
236,115r,master/13279_0235.jpg,web/13279_0235_web.jpg,thumb/13279_0235_thumb.jpg
237,115v,master/13279_0236.jpg,web/13279_0236_web.jpg,thumb/13279_0236_thumb.jpg
238,116r,master/13279_0237.jpg,web/13279_0237_web.jpg,thumb/13279_0237_thumb.jpg
239,116v,master/13279_0238.jpg,web/13279_0238_web.jpg,thumb/13279_0238_thumb.jpg
240,117r,master/13279_0239.jpg,web/13279_0239_web.jpg,thumb/13279_0239_thumb.jpg
241,117v,master/13279_0240.jpg,web/13279_0240_web.jpg,thumb/13279_0240_thumb.jpg
242,118r,master/13279_0241.jpg,web/13279_0241_web.jpg,thumb/13279_0241_thumb.jpg
243,118v,master/13279_0242.jpg,web/13279_0242_web.jpg,thumb/13279_0242_thumb.jpg
244,119r,master/13279_0243.jpg,web/13279_0243_web.jpg,thumb/13279_0243_thumb.jpg
245,119v,master/13279_0244.jpg,web/13279_0244_web.jpg,thumb/13279_0244_thumb.jpg
246,120r,master/13279_0245.jpg,web/13279_0245_web.jpg,thumb/13279_0245_thumb.jpg
247,120v,master/13279_0246.jpg,web/13279_0246_web.jpg,thumb/13279_0246_thumb.jpg
248,121r,master/13279_0247.jpg,web/13279_0247_web.jpg,thumb/13279_0247_thumb.jpg
249,121v,master/13279_0248.jpg,web/13279_0248_web.jpg,thumb/13279_0248_thumb.jpg
250,122r,master/13279_0249.jpg,web/13279_0249_web.jpg,thumb/13279_0249_thumb.jpg
251,122v,master/13279_0250.jpg,web/13279_0250_web.jpg,thumb/13279_0250_thumb.jpg
252,123r,master/13279_0251.jpg,web/13279_0251_web.jpg,thumb/13279_0251_thumb.jpg
253,123v,master/13279_0252.jpg,web/13279_0252_web.jpg,thumb/13279_0252_thumb.jpg
254,124r,master/13279_0253.jpg,web/13279_0253_web.jpg,thumb/13279_0253_thumb.jpg
255,124v,master/13279_0254.jpg,web/13279_0254_web.jpg,thumb/13279_0254_thumb.jpg
256,125r,master/13279_0255.jpg,web/13279_0255_web.jpg,thumb/13279_0255_thumb.jpg
257,125v,master/13279_0256.jpg,web/13279_0256_web.jpg,thumb/13279_0256_thumb.jpg
258,126r,master/13279_0257.jpg,web/13279_0257_web.jpg,thumb/13279_0257_thumb.jpg
259,126v,master/13279_0258.jpg,web/13279_0258_web.jpg,thumb/13279_0258_thumb.jpg
260,127r,master/13279_0259.jpg,web/13279_0259_web.jpg,thumb/13279_0259_thumb.jpg
261,127v,master/13279_0260.jpg,web/13279_0260_web.jpg,thumb/13279_0260_thumb.jpg
262,128r,master/13279_0261.jpg,web/13279_0261_web.jpg,thumb/13279_0261_thumb.jpg
263,128v,master/13279_0262.jpg,web/13279_0262_web.jpg,thumb/13279_0262_thumb.jpg
264,129r,master/13279_0263.jpg,web/13279_0263_web.jpg,thumb/13279_0263_thumb.jpg
265,129v,master/13279_0264.jpg,web/13279_0264_web.jpg,thumb/13279_0264_thumb.jpg
266,130r,master/13279_0265.jpg,web/13279_0265_web.jpg,thumb/13279_0265_thumb.jpg
267,130v,master/13279_0266.jpg,web/13279_0266_web.jpg,thumb/13279_0266_thumb.jpg
268,131r,master/13279_0267.jpg,web/13279_0267_web.jpg,thumb/13279_0267_thumb.jpg
269,131v,master/13279_0268.jpg,web/13279_0268_web.jpg,thumb/13279_0268_thumb.jpg
270,132r,master/13279_0269.jpg,web/13279_0269_web.jpg,thumb/13279_0269_thumb.jpg
271,132v,master/13279_0270.jpg,web/13279_0270_web.jpg,thumb/13279_0270_thumb.jpg
272,133r,master/13279_0271.jpg,web/13279_0271_web.jpg,thumb/13279_0271_thumb.jpg
273,133v,master/13279_0272.jpg,web/13279_0272_web.jpg,thumb/13279_0272_thumb.jpg
274,134r,master/13279_0273.jpg,web/13279_0273_web.jpg,thumb/13279_0273_thumb.jpg
275,134v,master/13279_0274.jpg,web/13279_0274_web.jpg,thumb/13279_0274_thumb.jpg
276,135r,master/13279_0275.jpg,web/13279_0275_web.jpg,thumb/13279_0275_thumb.jpg
277,135v,master/13279_0276.jpg,web/13279_0276_web.jpg,thumb/13279_0276_thumb.jpg
278,136r,master/13279_0277.jpg,web/13279_0277_web.jpg,thumb/13279_0277_thumb.jpg
279,136v,master/13279_0278.jpg,web/13279_0278_web.jpg,thumb/13279_0278_thumb.jpg
280,137r,master/13279_0279.jpg,web/13279_0279_web.jpg,thumb/13279_0279_thumb.jpg
281,137v,master/13279_0280.jpg,web/13279_0280_web.jpg,thumb/13279_0280_thumb.jpg
282,138r,master/13279_0281.jpg,web/13279_0281_web.jpg,thumb/13279_0281_thumb.jpg
283,138v,master/13279_0282.jpg,web/13279_0282_web.jpg,thumb/13279_0282_thumb.jpg
284,139r,master/13279_0283.jpg,web/13279_0283_web.jpg,thumb/13279_0283_thumb.jpg
285,139v,master/13279_0284.jpg,web/13279_0284_web.jpg,thumb/13279_0284_thumb.jpg
286,140r,master/13279_0285.jpg,web/13279_0285_web.jpg,thumb/13279_0285_thumb.jpg
287,140v,master/13279_0286.jpg,web/13279_0286_web.jpg,thumb/13279_0286_thumb.jpg
288,141r,master/13279_0287.jpg,web/13279_0287_web.jpg,thumb/13279_0287_thumb.jpg
289,141v,master/13279_0288.jpg,web/13279_0288_web.jpg,thumb/13279_0288_thumb.jpg
290,142r,master/13279_0289.jpg,web/13279_0289_web.jpg,thumb/13279_0289_thumb.jpg
291,142v,master/13279_0290.jpg,web/13279_0290_web.jpg,thumb/13279_0290_thumb.jpg
292,143r,master/13279_0291.jpg,web/13279_0291_web.jpg,thumb/13279_0291_thumb.jpg
293,143v,master/13279_0292.jpg,web/13279_0292_web.jpg,thumb/13279_0292_thumb.jpg
294,144r,master/13279_0293.jpg,web/13279_0293_web.jpg,thumb/13279_0293_thumb.jpg
295,144v,master/13279_0294.jpg,web/13279_0294_web.jpg,thumb/13279_0294_thumb.jpg
296,145r,master/13279_0295.jpg,web/13279_0295_web.jpg,thumb/13279_0295_thumb.jpg
297,145v,master/13279_0296.jpg,web/13279_0296_web.jpg,thumb/13279_0296_thumb.jpg
298,146r,master/13279_0297.jpg,web/13279_0297_web.jpg,thumb/13279_0297_thumb.jpg
299,146v,master/13279_0298.jpg,web/13279_0298_web.jpg,thumb/13279_0298_thumb.jpg
300,147r,master/13279_0299.jpg,web/13279_0299_web.jpg,thumb/13279_0299_thumb.jpg
301,147v,master/13279_0300.jpg,web/13279_0300_web.jpg,thumb/13279_0300_thumb.jpg
302,148r,master/13279_0301.jpg,web/13279_0301_web.jpg,thumb/13279_0301_thumb.jpg
303,148v,master/13279_0302.jpg,web/13279_0302_web.jpg,thumb/13279_0302_thumb.jpg
304,149r,master/13279_0303.jpg,web/13279_0303_web.jpg,thumb/13279_0303_thumb.jpg
305,149v,master/13279_0304.jpg,web/13279_0304_web.jpg,thumb/13279_0304_thumb.jpg
306,150r,master/13279_0305.jpg,web/13279_0305_web.jpg,thumb/13279_0305_thumb.jpg
307,150v,master/13279_0306.jpg,web/13279_0306_web.jpg,thumb/13279_0306_thumb.jpg
308,151r,master/13279_0307.jpg,web/13279_0307_web.jpg,thumb/13279_0307_thumb.jpg
309,151v,master/13279_0308.jpg,web/13279_0308_web.jpg,thumb/13279_0308_thumb.jpg
310,152r,master/13279_0309.jpg,web/13279_0309_web.jpg,thumb/13279_0309_thumb.jpg
311,152v,master/13279_0310.jpg,web/13279_0310_web.jpg,thumb/13279_0310_thumb.jpg
312,153r,master/13279_0311.jpg,web/13279_0311_web.jpg,thumb/13279_0311_thumb.jpg
313,153v,master/13279_0312.jpg,web/13279_0312_web.jpg,thumb/13279_0312_thumb.jpg
314,154r,master/13279_0313.jpg,web/13279_0313_web.jpg,thumb/13279_0313_thumb.jpg
315,154v,master/13279_0314.jpg,web/13279_0314_web.jpg,thumb/13279_0314_thumb.jpg
316,155r,master/13279_0315.jpg,web/13279_0315_web.jpg,thumb/13279_0315_thumb.jpg
317,155v,master/13279_0316.jpg,web/13279_0316_web.jpg,thumb/13279_0316_thumb.jpg
318,156r,master/13279_0317.jpg,web/13279_0317_web.jpg,thumb/13279_0317_thumb.jpg
319,156v,master/13279_0318.jpg,web/13279_0318_web.jpg,thumb/13279_0318_thumb.jpg
320,157r,master/13279_0319.jpg,web/13279_0319_web.jpg,thumb/13279_0319_thumb.jpg
321,157v,master/13279_0320.jpg,web/13279_0320_web.jpg,thumb/13279_0320_thumb.jpg
322,158r,master/13279_0321.jpg,web/13279_0321_web.jpg,thumb/13279_0321_thumb.jpg
323,158v,master/13279_0322.jpg,web/13279_0322_web.jpg,thumb/13279_0322_thumb.jpg
324,159r,master/13279_0323.jpg,web/13279_0323_web.jpg,thumb/13279_0323_thumb.jpg
325,159v,master/13279_0324.jpg,web/13279_0324_web.jpg,thumb/13279_0324_thumb.jpg
326,160r,master/13279_0325.jpg,web/13279_0325_web.jpg,thumb/13279_0325_thumb.jpg
327,160v,master/13279_0326.jpg,web/13279_0326_web.jpg,thumb/13279_0326_thumb.jpg
328,161r,master/13279_0327.jpg,web/13279_0327_web.jpg,thumb/13279_0327_thumb.jpg
329,161v,master/13279_0328.jpg,web/13279_0328_web.jpg,thumb/13279_0328_thumb.jpg
330,162r,master/13279_0329.jpg,web/13279_0329_web.jpg,thumb/13279_0329_thumb.jpg
331,162v,master/13279_0330.jpg,web/13279_0330_web.jpg,thumb/13279_0330_thumb.jpg
332,163r,master/13279_0331.jpg,web/13279_0331_web.jpg,thumb/13279_0331_thumb.jpg
333,163v,master/13279_0332.jpg,web/13279_0332_web.jpg,thumb/13279_0332_thumb.jpg
334,164r,master/13279_0333.jpg,web/13279_0333_web.jpg,thumb/13279_0333_thumb.jpg
335,164v,master/13279_0334.jpg,web/13279_0334_web.jpg,thumb/13279_0334_thumb.jpg
336,165r,master/13279_0335.jpg,web/13279_0335_web.jpg,thumb/13279_0335_thumb.jpg
337,165v,master/13279_0336.jpg,web/13279_0336_web.jpg,thumb/13279_0336_thumb.jpg
338,166r,master/13279_0337.jpg,web/13279_0337_web.jpg,thumb/13279_0337_thumb.jpg
339,166v,master/13279_0338.jpg,web/13279_0338_web.jpg,thumb/13279_0338_thumb.jpg
340,167r,master/13279_0339.jpg,web/13279_0339_web.jpg,thumb/13279_0339_thumb.jpg
341,167v,master/13279_0340.jpg,web/13279_0340_web.jpg,thumb/13279_0340_thumb.jpg
342,168r,master/13279_0341.jpg,web/13279_0341_web.jpg,thumb/13279_0341_thumb.jpg
343,168v,master/13279_0342.jpg,web/13279_0342_web.jpg,thumb/13279_0342_thumb.jpg
344,169r,master/13279_0343.jpg,web/13279_0343_web.jpg,thumb/13279_0343_thumb.jpg
345,169v,master/13279_0344.jpg,web/13279_0344_web.jpg,thumb/13279_0344_thumb.jpg
346,170r,master/13279_0345.jpg,web/13279_0345_web.jpg,thumb/13279_0345_thumb.jpg
347,170v,master/13279_0346.jpg,web/13279_0346_web.jpg,thumb/13279_0346_thumb.jpg
348,171r,master/13279_0347.jpg,web/13279_0347_web.jpg,thumb/13279_0347_thumb.jpg
349,171v,master/13279_0348.jpg,web/13279_0348_web.jpg,thumb/13279_0348_thumb.jpg
350,172r,master/13279_0349.jpg,web/13279_0349_web.jpg,thumb/13279_0349_thumb.jpg
351,172v,master/13279_0350.jpg,web/13279_0350_web.jpg,thumb/13279_0350_thumb.jpg
352,173r,master/13279_0351.jpg,web/13279_0351_web.jpg,thumb/13279_0351_thumb.jpg
353,173v,master/13279_0352.jpg,web/13279_0352_web.jpg,thumb/13279_0352_thumb.jpg
354,174r,master/13279_0353.jpg,web/13279_0353_web.jpg,thumb/13279_0353_thumb.jpg
355,174v,master/13279_0354.jpg,web/13279_0354_web.jpg,thumb/13279_0354_thumb.jpg
356,175r,master/13279_0355.jpg,web/13279_0355_web.jpg,thumb/13279_0355_thumb.jpg
357,175v,master/13279_0356.jpg,web/13279_0356_web.jpg,thumb/13279_0356_thumb.jpg
358,176r,master/13279_0357.jpg,web/13279_0357_web.jpg,thumb/13279_0357_thumb.jpg
359,176v,master/13279_0358.jpg,web/13279_0358_web.jpg,thumb/13279_0358_thumb.jpg
360,177r,master/13279_0359.jpg,web/13279_0359_web.jpg,thumb/13279_0359_thumb.jpg
361,177v,master/13279_0360.jpg,web/13279_0360_web.jpg,thumb/13279_0360_thumb.jpg
362,178r,master/13279_0361.jpg,web/13279_0361_web.jpg,thumb/13279_0361_thumb.jpg
363,178v,master/13279_0362.jpg,web/13279_0362_web.jpg,thumb/13279_0362_thumb.jpg
364,179r,master/13279_0363.jpg,web/13279_0363_web.jpg,thumb/13279_0363_thumb.jpg
365,179v,master/13279_0364.jpg,web/13279_0364_web.jpg,thumb/13279_0364_thumb.jpg
366,180r,master/13279_0365.jpg,web/13279_0365_web.jpg,thumb/13279_0365_thumb.jpg
367,180v,master/13279_0366.jpg,web/13279_0366_web.jpg,thumb/13279_0366_thumb.jpg
368,181r,master/13279_0367.jpg,web/13279_0367_web.jpg,thumb/13279_0367_thumb.jpg
369,181v,master/13279_0368.jpg,web/13279_0368_web.jpg,thumb/13279_0368_thumb.jpg
370,182r,master/13279_0369.jpg,web/13279_0369_web.jpg,thumb/13279_0369_thumb.jpg
371,182v,master/13279_0370.jpg,web/13279_0370_web.jpg,thumb/13279_0370_thumb.jpg
372,183r,master/13279_0371.jpg,web/13279_0371_web.jpg,thumb/13279_0371_thumb.jpg
373,183v,master/13279_0372.jpg,web/13279_0372_web.jpg,thumb/13279_0372_thumb.jpg
374,184r,master/13279_0373.jpg,web/13279_0373_web.jpg,thumb/13279_0373_thumb.jpg
375,184v,master/13279_0374.jpg,web/13279_0374_web.jpg,thumb/13279_0374_thumb.jpg
376,185r,master/13279_0375.jpg,web/13279_0375_web.jpg,thumb/13279_0375_thumb.jpg
377,185v,master/13279_0376.jpg,web/13279_0376_web.jpg,thumb/13279_0376_thumb.jpg
378,186r,master/13279_0377.jpg,web/13279_0377_web.jpg,thumb/13279_0377_thumb.jpg
379,186v,master/13279_0378.jpg,web/13279_0378_web.jpg,thumb/13279_0378_thumb.jpg
380,187r,master/13279_0379.jpg,web/13279_0379_web.jpg,thumb/13279_0379_thumb.jpg
381,187v,master/13279_0380.jpg,web/13279_0380_web.jpg,thumb/13279_0380_thumb.jpg
382,188r,master/13279_0381.jpg,web/13279_0381_web.jpg,thumb/13279_0381_thumb.jpg
383,188v,master/13279_0382.jpg,web/13279_0382_web.jpg,thumb/13279_0382_thumb.jpg
384,189r,master/13279_0383.jpg,web/13279_0383_web.jpg,thumb/13279_0383_thumb.jpg
385,189v,master/13279_0384.jpg,web/13279_0384_web.jpg,thumb/13279_0384_thumb.jpg
386,190r,master/13279_0385.jpg,web/13279_0385_web.jpg,thumb/13279_0385_thumb.jpg
387,190v,master/13279_0386.jpg,web/13279_0386_web.jpg,thumb/13279_0386_thumb.jpg
388,191r,master/13279_0387.jpg,web/13279_0387_web.jpg,thumb/13279_0387_thumb.jpg
389,191v,master/13279_0388.jpg,web/13279_0388_web.jpg,thumb/13279_0388_thumb.jpg
390,192r,master/13279_0389.jpg,web/13279_0389_web.jpg,thumb/13279_0389_thumb.jpg
391,192v,master/13279_0390.jpg,web/13279_0390_web.jpg,thumb/13279_0390_thumb.jpg
392,193r,master/13279_0391.jpg,web/13279_0391_web.jpg,thumb/13279_0391_thumb.jpg
393,193v,master/13279_0392.jpg,web/13279_0392_web.jpg,thumb/13279_0392_thumb.jpg
394,194r,master/13279_0393.jpg,web/13279_0393_web.jpg,thumb/13279_0393_thumb.jpg
395,194v,master/13279_0394.jpg,web/13279_0394_web.jpg,thumb/13279_0394_thumb.jpg
396,195r,master/13279_0395.jpg,web/13279_0395_web.jpg,thumb/13279_0395_thumb.jpg
397,195v,master/13279_0396.jpg,web/13279_0396_web.jpg,thumb/13279_0396_thumb.jpg
398,196r,master/13279_0397.jpg,web/13279_0397_web.jpg,thumb/13279_0397_thumb.jpg
399,196v,master/13279_0398.jpg,web/13279_0398_web.jpg,thumb/13279_0398_thumb.jpg
400,197r,master/13279_0399.jpg,web/13279_0399_web.jpg,thumb/13279_0399_thumb.jpg
401,197v,master/13279_0400.jpg,web/13279_0400_web.jpg,thumb/13279_0400_thumb.jpg
402,198r,master/13279_0401.jpg,web/13279_0401_web.jpg,thumb/13279_0401_thumb.jpg
403,198v,master/13279_0402.jpg,web/13279_0402_web.jpg,thumb/13279_0402_thumb.jpg
404,199r,master/13279_0403.jpg,web/13279_0403_web.jpg,thumb/13279_0403_thumb.jpg
405,199v,master/13279_0404.jpg,web/13279_0404_web.jpg,thumb/13279_0404_thumb.jpg
406,200r,master/13279_0405.jpg,web/13279_0405_web.jpg,thumb/13279_0405_thumb.jpg
407,200v,master/13279_0406.jpg,web/13279_0406_web.jpg,thumb/13279_0406_thumb.jpg
408,201r,master/13279_0407.jpg,web/13279_0407_web.jpg,thumb/13279_0407_thumb.jpg
409,201v,master/13279_0408.jpg,web/13279_0408_web.jpg,thumb/13279_0408_thumb.jpg
410,202r,master/13279_0409.jpg,web/13279_0409_web.jpg,thumb/13279_0409_thumb.jpg
411,202v,master/13279_0410.jpg,web/13279_0410_web.jpg,thumb/13279_0410_thumb.jpg
412,203r,master/13279_0411.jpg,web/13279_0411_web.jpg,thumb/13279_0411_thumb.jpg
413,203v,master/13279_0412.jpg,web/13279_0412_web.jpg,thumb/13279_0412_thumb.jpg
414,204r,master/13279_0413.jpg,web/13279_0413_web.jpg,thumb/13279_0413_thumb.jpg
415,204v,master/13279_0414.jpg,web/13279_0414_web.jpg,thumb/13279_0414_thumb.jpg
416,205r,master/13279_0415.jpg,web/13279_0415_web.jpg,thumb/13279_0415_thumb.jpg
417,205v,master/13279_0416.jpg,web/13279_0416_web.jpg,thumb/13279_0416_thumb.jpg
418,206r,master/13279_0417.jpg,web/13279_0417_web.jpg,thumb/13279_0417_thumb.jpg
419,206v,master/13279_0418.jpg,web/13279_0418_web.jpg,thumb/13279_0418_thumb.jpg
420,207r,master/13279_0419.jpg,web/13279_0419_web.jpg,thumb/13279_0419_thumb.jpg
421,207v,master/13279_0420.jpg,web/13279_0420_web.jpg,thumb/13279_0420_thumb.jpg
422,208r,master/13279_0421.jpg,web/13279_0421_web.jpg,thumb/13279_0421_thumb.jpg
423,208v,master/13279_0422.jpg,web/13279_0422_web.jpg,thumb/13279_0422_thumb.jpg
424,209r,master/13279_0423.jpg,web/13279_0423_web.jpg,thumb/13279_0423_thumb.jpg
425,209v,master/13279_0424.jpg,web/13279_0424_web.jpg,thumb/13279_0424_thumb.jpg
426,210r,master/13279_0425.jpg,web/13279_0425_web.jpg,thumb/13279_0425_thumb.jpg
427,210v,master/13279_0426.jpg,web/13279_0426_web.jpg,thumb/13279_0426_thumb.jpg
428,211r,master/13279_0427.jpg,web/13279_0427_web.jpg,thumb/13279_0427_thumb.jpg
429,211v,master/13279_0428.jpg,web/13279_0428_web.jpg,thumb/13279_0428_thumb.jpg
430,212r,master/13279_0429.jpg,web/13279_0429_web.jpg,thumb/13279_0429_thumb.jpg
431,212v,master/13279_0430.jpg,web/13279_0430_web.jpg,thumb/13279_0430_thumb.jpg
432,213r,master/13279_0431.jpg,web/13279_0431_web.jpg,thumb/13279_0431_thumb.jpg
433,213v,master/13279_0432.jpg,web/13279_0432_web.jpg,thumb/13279_0432_thumb.jpg
434,214r,master/13279_0433.jpg,web/13279_0433_web.jpg,thumb/13279_0433_thumb.jpg
435,214v,master/13279_0434.jpg,web/13279_0434_web.jpg,thumb/13279_0434_thumb.jpg
436,215r,master/13279_0435.jpg,web/13279_0435_web.jpg,thumb/13279_0435_thumb.jpg
437,215v,master/13279_0436.jpg,web/13279_0436_web.jpg,thumb/13279_0436_thumb.jpg
438,216r,master/13279_0437.jpg,web/13279_0437_web.jpg,thumb/13279_0437_thumb.jpg
439,216v,master/13279_0438.jpg,web/13279_0438_web.jpg,thumb/13279_0438_thumb.jpg
440,217r,master/13279_0439.jpg,web/13279_0439_web.jpg,thumb/13279_0439_thumb.jpg
441,217v,master/13279_0440.jpg,web/13279_0440_web.jpg,thumb/13279_0440_thumb.jpg
442,218r,master/13279_0441.jpg,web/13279_0441_web.jpg,thumb/13279_0441_thumb.jpg
443,218v,master/13279_0442.jpg,web/13279_0442_web.jpg,thumb/13279_0442_thumb.jpg
444,219r,master/13279_0443.jpg,web/13279_0443_web.jpg,thumb/13279_0443_thumb.jpg
445,219v,master/13279_0444.jpg,web/13279_0444_web.jpg,thumb/13279_0444_thumb.jpg
446,220r,master/13279_0445.jpg,web/13279_0445_web.jpg,thumb/13279_0445_thumb.jpg
447,220v,master/13279_0446.jpg,web/13279_0446_web.jpg,thumb/13279_0446_thumb.jpg
448,221r,master/13279_0447.jpg,web/13279_0447_web.jpg,thumb/13279_0447_thumb.jpg
449,221v,master/13279_0448.jpg,web/13279_0448_web.jpg,thumb/13279_0448_thumb.jpg
450,222r,master/13279_0449.jpg,web/13279_0449_web.jpg,thumb/13279_0449_thumb.jpg
451,222v,master/13279_0450.jpg,web/13279_0450_web.jpg,thumb/13279_0450_thumb.jpg
452,223r,master/13279_0451.jpg,web/13279_0451_web.jpg,thumb/13279_0451_thumb.jpg
453,223v,master/13279_0452.jpg,web/13279_0452_web.jpg,thumb/13279_0452_thumb.jpg
454,224r,master/13279_0453.jpg,web/13279_0453_web.jpg,thumb/13279_0453_thumb.jpg
455,224v,master/13279_0454.jpg,web/13279_0454_web.jpg,thumb/13279_0454_thumb.jpg
456,225r,master/13279_0455.jpg,web/13279_0455_web.jpg,thumb/13279_0455_thumb.jpg
457,225v,master/13279_0456.jpg,web/13279_0456_web.jpg,thumb/13279_0456_thumb.jpg
458,226r,master/13279_0457.jpg,web/13279_0457_web.jpg,thumb/13279_0457_thumb.jpg
459,226v,master/13279_0458.jpg,web/13279_0458_web.jpg,thumb/13279_0458_thumb.jpg
460,227r,master/13279_0459.jpg,web/13279_0459_web.jpg,thumb/13279_0459_thumb.jpg
461,227v,master/13279_0460.jpg,web/13279_0460_web.jpg,thumb/13279_0460_thumb.jpg
462,228r,master/13279_0461.jpg,web/13279_0461_web.jpg,thumb/13279_0461_thumb.jpg
463,228v,master/13279_0462.jpg,web/13279_0462_web.jpg,thumb/13279_0462_thumb.jpg
464,229r,master/13279_0463.jpg,web/13279_0463_web.jpg,thumb/13279_0463_thumb.jpg
465,229v,master/13279_0464.jpg,web/13279_0464_web.jpg,thumb/13279_0464_thumb.jpg
466,230r,master/13279_0465.jpg,web/13279_0465_web.jpg,thumb/13279_0465_thumb.jpg
467,230v,master/13279_0466.jpg,web/13279_0466_web.jpg,thumb/13279_0466_thumb.jpg
468,231r,master/13279_0467.jpg,web/13279_0467_web.jpg,thumb/13279_0467_thumb.jpg
469,231v,master/13279_0468.jpg,web/13279_0468_web.jpg,thumb/13279_0468_thumb.jpg
470,232r,master/13279_0469.jpg,web/13279_0469_web.jpg,thumb/13279_0469_thumb.jpg
471,232v,master/13279_0470.jpg,web/13279_0470_web.jpg,thumb/13279_0470_thumb.jpg
472,233r,master/13279_0471.jpg,web/13279_0471_web.jpg,thumb/13279_0471_thumb.jpg
473,233v,master/13279_0472.jpg,web/13279_0472_web.jpg,thumb/13279_0472_thumb.jpg
474,234r,master/13279_0473.jpg,web/13279_0473_web.jpg,thumb/13279_0473_thumb.jpg
475,234v,master/13279_0474.jpg,web/13279_0474_web.jpg,thumb/13279_0474_thumb.jpg
476,235r,master/13279_0475.jpg,web/13279_0475_web.jpg,thumb/13279_0475_thumb.jpg
477,235v,master/13279_0476.jpg,web/13279_0476_web.jpg,thumb/13279_0476_thumb.jpg
478,236r,master/13279_0477.jpg,web/13279_0477_web.jpg,thumb/13279_0477_thumb.jpg
479,236v,master/13279_0478.jpg,web/13279_0478_web.jpg,thumb/13279_0478_thumb.jpg
480,237r,master/13279_0479.jpg,web/13279_0479_web.jpg,thumb/13279_0479_thumb.jpg
481,237v,master/13279_0480.jpg,web/13279_0480_web.jpg,thumb/13279_0480_thumb.jpg
482,238r,master/13279_0481.jpg,web/13279_0481_web.jpg,thumb/13279_0481_thumb.jpg
483,238v,master/13279_0482.jpg,web/13279_0482_web.jpg,thumb/13279_0482_thumb.jpg
484,239r,master/13279_0483.jpg,web/13279_0483_web.jpg,thumb/13279_0483_thumb.jpg
485,239v,master/13279_0484.jpg,web/13279_0484_web.jpg,thumb/13279_0484_thumb.jpg
486,240r,master/13279_0485.jpg,web/13279_0485_web.jpg,thumb/13279_0485_thumb.jpg
487,240v,master/13279_0486.jpg,web/13279_0486_web.jpg,thumb/13279_0486_thumb.jpg
488,241r,master/13279_0487.jpg,web/13279_0487_web.jpg,thumb/13279_0487_thumb.jpg
489,241v,master/13279_0488.jpg,web/13279_0488_web.jpg,thumb/13279_0488_thumb.jpg
490,242r,master/13279_0489.jpg,web/13279_0489_web.jpg,thumb/13279_0489_thumb.jpg
491,242v,master/13279_0490.jpg,web/13279_0490_web.jpg,thumb/13279_0490_thumb.jpg
492,243r,master/13279_0491.jpg,web/13279_0491_web.jpg,thumb/13279_0491_thumb.jpg
493,243v,master/13279_0492.jpg,web/13279_0492_web.jpg,thumb/13279_0492_thumb.jpg
494,244r,master/13279_0493.jpg,web/13279_0493_web.jpg,thumb/13279_0493_thumb.jpg
495,244v,master/13279_0494.jpg,web/13279_0494_web.jpg,thumb/13279_0494_thumb.jpg
496,245r,master/13279_0495.jpg,web/13279_0495_web.jpg,thumb/13279_0495_thumb.jpg
497,245v,master/13279_0496.jpg,web/13279_0496_web.jpg,thumb/13279_0496_thumb.jpg
498,246r,master/13279_0497.jpg,web/13279_0497_web.jpg,thumb/13279_0497_thumb.jpg
499,246v,master/13279_0498.jpg,web/13279_0498_web.jpg,thumb/13279_0498_thumb.jpg
500,247r,master/13279_0499.jpg,web/13279_0499_web.jpg,thumb/13279_0499_thumb.jpg
501,247v,master/13279_0500.jpg,web/13279_0500_web.jpg,thumb/13279_0500_thumb.jpg
502,248r,master/13279_0501.jpg,web/13279_0501_web.jpg,thumb/13279_0501_thumb.jpg
503,248v,master/13279_0502.jpg,web/13279_0502_web.jpg,thumb/13279_0502_thumb.jpg
504,249r,master/13279_0503.jpg,web/13279_0503_web.jpg,thumb/13279_0503_thumb.jpg
505,249v,master/13279_0504.jpg,web/13279_0504_web.jpg,thumb/13279_0504_thumb.jpg
506,250r,master/13279_0505.jpg,web/13279_0505_web.jpg,thumb/13279_0505_thumb.jpg
507,250v,master/13279_0506.jpg,web/13279_0506_web.jpg,thumb/13279_0506_thumb.jpg
508,251r,master/13279_0507.jpg,web/13279_0507_web.jpg,thumb/13279_0507_thumb.jpg
509,251v,master/13279_0508.jpg,web/13279_0508_web.jpg,thumb/13279_0508_thumb.jpg
510,252r,master/13279_0509.jpg,web/13279_0509_web.jpg,thumb/13279_0509_thumb.jpg
511,252v,master/13279_0510.jpg,web/13279_0510_web.jpg,thumb/13279_0510_thumb.jpg
512,253r,master/13279_0511.jpg,web/13279_0511_web.jpg,thumb/13279_0511_thumb.jpg
513,253v,master/13279_0512.jpg,web/13279_0512_web.jpg,thumb/13279_0512_thumb.jpg
514,254r,master/13279_0513.jpg,web/13279_0513_web.jpg,thumb/13279_0513_thumb.jpg
515,254v,master/13279_0514.jpg,web/13279_0514_web.jpg,thumb/13279_0514_thumb.jpg
516,255r,master/13279_0515.jpg,web/13279_0515_web.jpg,thumb/13279_0515_thumb.jpg
517,255v,master/13279_0516.jpg,web/13279_0516_web.jpg,thumb/13279_0516_thumb.jpg
518,256r,master/13279_0517.jpg,web/13279_0517_web.jpg,thumb/13279_0517_thumb.jpg
519,256v,master/13279_0518.jpg,web/13279_0518_web.jpg,thumb/13279_0518_thumb.jpg
520,257r,master/13279_0519.jpg,web/13279_0519_web.jpg,thumb/13279_0519_thumb.jpg
521,257v,master/13279_0520.jpg,web/13279_0520_web.jpg,thumb/13279_0520_thumb.jpg
522,258r,master/13279_0521.jpg,web/13279_0521_web.jpg,thumb/13279_0521_thumb.jpg
523,258v,master/13279_0522.jpg,web/13279_0522_web.jpg,thumb/13279_0522_thumb.jpg
524,259r,master/13279_0523.jpg,web/13279_0523_web.jpg,thumb/13279_0523_thumb.jpg
525,259v,master/13279_0524.jpg,web/13279_0524_web.jpg,thumb/13279_0524_thumb.jpg
526,260r,master/13279_0525.jpg,web/13279_0525_web.jpg,thumb/13279_0525_thumb.jpg
527,260v,master/13279_0526.jpg,web/13279_0526_web.jpg,thumb/13279_0526_thumb.jpg
528,261r,master/13279_0527.jpg,web/13279_0527_web.jpg,thumb/13279_0527_thumb.jpg
529,261v,master/13279_0528.jpg,web/13279_0528_web.jpg,thumb/13279_0528_thumb.jpg
530,262r,master/13279_0529.jpg,web/13279_0529_web.jpg,thumb/13279_0529_thumb.jpg
531,262v,master/13279_0530.jpg,web/13279_0530_web.jpg,thumb/13279_0530_thumb.jpg
532,263r,master/13279_0531.jpg,web/13279_0531_web.jpg,thumb/13279_0531_thumb.jpg
533,263v,master/13279_0532.jpg,web/13279_0532_web.jpg,thumb/13279_0532_thumb.jpg
534,264r,master/13279_0533.jpg,web/13279_0533_web.jpg,thumb/13279_0533_thumb.jpg
535,264v,master/13279_0534.jpg,web/13279_0534_web.jpg,thumb/13279_0534_thumb.jpg
536,265r,master/13279_0535.jpg,web/13279_0535_web.jpg,thumb/13279_0535_thumb.jpg
537,265v,master/13279_0536.jpg,web/13279_0536_web.jpg,thumb/13279_0536_thumb.jpg
538,266r,master/13279_0537.jpg,web/13279_0537_web.jpg,thumb/13279_0537_thumb.jpg
539,266v,master/13279_0538.jpg,web/13279_0538_web.jpg,thumb/13279_0538_thumb.jpg
540,267r,master/13279_0539.jpg,web/13279_0539_web.jpg,thumb/13279_0539_thumb.jpg
541,267v,master/13279_0540.jpg,web/13279_0540_web.jpg,thumb/13279_0540_thumb.jpg
542,268r,master/13279_0541.jpg,web/13279_0541_web.jpg,thumb/13279_0541_thumb.jpg
543,268v,master/13279_0542.jpg,web/13279_0542_web.jpg,thumb/13279_0542_thumb.jpg
544,269r,master/13279_0543.jpg,web/13279_0543_web.jpg,thumb/13279_0543_thumb.jpg
545,269v,master/13279_0544.jpg,web/13279_0544_web.jpg,thumb/13279_0544_thumb.jpg
546,270r,master/13279_0545.jpg,web/13279_0545_web.jpg,thumb/13279_0545_thumb.jpg
547,270v,master/13279_0546.jpg,web/13279_0546_web.jpg,thumb/13279_0546_thumb.jpg
548,271r,master/13279_0547.jpg,web/13279_0547_web.jpg,thumb/13279_0547_thumb.jpg
549,271v,master/13279_0548.jpg,web/13279_0548_web.jpg,thumb/13279_0548_thumb.jpg
550,272r,master/13279_0549.jpg,web/13279_0549_web.jpg,thumb/13279_0549_thumb.jpg
551,272v,master/13279_0550.jpg,web/13279_0550_web.jpg,thumb/13279_0550_thumb.jpg
552,273r,master/13279_0551.jpg,web/13279_0551_web.jpg,thumb/13279_0551_thumb.jpg
553,273v,master/13279_0552.jpg,web/13279_0552_web.jpg,thumb/13279_0552_thumb.jpg
554,274r,master/13279_0553.jpg,web/13279_0553_web.jpg,thumb/13279_0553_thumb.jpg
555,274v,master/13279_0554.jpg,web/13279_0554_web.jpg,thumb/13279_0554_thumb.jpg
556,275r,master/13279_0555.jpg,web/13279_0555_web.jpg,thumb/13279_0555_thumb.jpg
557,275v,master/13279_0556.jpg,web/13279_0556_web.jpg,thumb/13279_0556_thumb.jpg
558,276r,master/13279_0557.jpg,web/13279_0557_web.jpg,thumb/13279_0557_thumb.jpg
559,276v,master/13279_0558.jpg,web/13279_0558_web.jpg,thumb/13279_0558_thumb.jpg
560,277r,master/13279_0559.jpg,web/13279_0559_web.jpg,thumb/13279_0559_thumb.jpg
561,277v,master/13279_0560.jpg,web/13279_0560_web.jpg,thumb/13279_0560_thumb.jpg
562,278r,master/13279_0561.jpg,web/13279_0561_web.jpg,thumb/13279_0561_thumb.jpg
563,278v,master/13279_0562.jpg,web/13279_0562_web.jpg,thumb/13279_0562_thumb.jpg
564,279r,master/13279_0563.jpg,web/13279_0563_web.jpg,thumb/13279_0563_thumb.jpg
565,279v,master/13279_0564.jpg,web/13279_0564_web.jpg,thumb/13279_0564_thumb.jpg
566,280r,master/13279_0565.jpg,web/13279_0565_web.jpg,thumb/13279_0565_thumb.jpg
567,280v,master/13279_0566.jpg,web/13279_0566_web.jpg,thumb/13279_0566_thumb.jpg
568,281r,master/13279_0567.jpg,web/13279_0567_web.jpg,thumb/13279_0567_thumb.jpg
569,281v,master/13279_0568.jpg,web/13279_0568_web.jpg,thumb/13279_0568_thumb.jpg
570,282r,master/13279_0569.jpg,web/13279_0569_web.jpg,thumb/13279_0569_thumb.jpg
571,282v,master/13279_0570.jpg,web/13279_0570_web.jpg,thumb/13279_0570_thumb.jpg
572,283r,master/13279_0571.jpg,web/13279_0571_web.jpg,thumb/13279_0571_thumb.jpg
573,283v,master/13279_0572.jpg,web/13279_0572_web.jpg,thumb/13279_0572_thumb.jpg
574,284r,master/13279_0573.jpg,web/13279_0573_web.jpg,thumb/13279_0573_thumb.jpg
575,284v,master/13279_0574.jpg,web/13279_0574_web.jpg,thumb/13279_0574_thumb.jpg
576,285r,master/13279_0575.jpg,web/13279_0575_web.jpg,thumb/13279_0575_thumb.jpg
577,285v,master/13279_0576.jpg,web/13279_0576_web.jpg,thumb/13279_0576_thumb.jpg
578,286r,master/13279_0577.jpg,web/13279_0577_web.jpg,thumb/13279_0577_thumb.jpg
579,286v,master/13279_0578.jpg,web/13279_0578_web.jpg,thumb/13279_0578_thumb.jpg
580,287r,master/13279_0579.jpg,web/13279_0579_web.jpg,thumb/13279_0579_thumb.jpg
581,287v,master/13279_0580.jpg,web/13279_0580_web.jpg,thumb/13279_0580_thumb.jpg
582,288r,master/13279_0581.jpg,web/13279_0581_web.jpg,thumb/13279_0581_thumb.jpg
583,288v,master/13279_0582.jpg,web/13279_0582_web.jpg,thumb/13279_0582_thumb.jpg
584,289r,master/13279_0583.jpg,web/13279_0583_web.jpg,thumb/13279_0583_thumb.jpg
585,289v,master/13279_0584.jpg,web/13279_0584_web.jpg,thumb/13279_0584_thumb.jpg
586,290r,master/13279_0585.jpg,web/13279_0585_web.jpg,thumb/13279_0585_thumb.jpg
587,290v,master/13279_0586.jpg,web/13279_0586_web.jpg,thumb/13279_0586_thumb.jpg
588,291r,master/13279_0587.jpg,web/13279_0587_web.jpg,thumb/13279_0587_thumb.jpg
589,291v,master/13279_0588.jpg,web/13279_0588_web.jpg,thumb/13279_0588_thumb.jpg
590,292r,master/13279_0589.jpg,web/13279_0589_web.jpg,thumb/13279_0589_thumb.jpg
591,292v,master/13279_0590.jpg,web/13279_0590_web.jpg,thumb/13279_0590_thumb.jpg
592,293r,master/13279_0591.jpg,web/13279_0591_web.jpg,thumb/13279_0591_thumb.jpg
593,293v,master/13279_0592.jpg,web/13279_0592_web.jpg,thumb/13279_0592_thumb.jpg
594,294r,master/13279_0593.jpg,web/13279_0593_web.jpg,thumb/13279_0593_thumb.jpg
595,294v,master/13279_0594.jpg,web/13279_0594_web.jpg,thumb/13279_0594_thumb.jpg
596,295r,master/13279_0595.jpg,web/13279_0595_web.jpg,thumb/13279_0595_thumb.jpg
597,295v,master/13279_0596.jpg,web/13279_0596_web.jpg,thumb/13279_0596_thumb.jpg
598,296r,master/13279_0597.jpg,web/13279_0597_web.jpg,thumb/13279_0597_thumb.jpg
599,296v,master/13279_0598.jpg,web/13279_0598_web.jpg,thumb/13279_0598_thumb.jpg
600,297r,master/13279_0599.jpg,web/13279_0599_web.jpg,thumb/13279_0599_thumb.jpg
601,297v,master/13279_0600.jpg,web/13279_0600_web.jpg,thumb/13279_0600_thumb.jpg
602,298r,master/13279_0601.jpg,web/13279_0601_web.jpg,thumb/13279_0601_thumb.jpg
603,298v,master/13279_0602.jpg,web/13279_0602_web.jpg,thumb/13279_0602_thumb.jpg
604,299r,master/13279_0603.jpg,web/13279_0603_web.jpg,thumb/13279_0603_thumb.jpg
605,299v,master/13279_0604.jpg,web/13279_0604_web.jpg,thumb/13279_0604_thumb.jpg
606,300r,master/13279_0605.jpg,web/13279_0605_web.jpg,thumb/13279_0605_thumb.jpg
607,300v,master/13279_0606.jpg,web/13279_0606_web.jpg,thumb/13279_0606_thumb.jpg
608,301r,master/13279_0607.jpg,web/13279_0607_web.jpg,thumb/13279_0607_thumb.jpg
609,301v,master/13279_0608.jpg,web/13279_0608_web.jpg,thumb/13279_0608_thumb.jpg
610,302r,master/13279_0609.jpg,web/13279_0609_web.jpg,thumb/13279_0609_thumb.jpg
611,302v,master/13279_0610.jpg,web/13279_0610_web.jpg,thumb/13279_0610_thumb.jpg
612,303r,master/13279_0611.jpg,web/13279_0611_web.jpg,thumb/13279_0611_thumb.jpg
613,303v,master/13279_0612.jpg,web/13279_0612_web.jpg,thumb/13279_0612_thumb.jpg
614,304r,master/13279_0613.jpg,web/13279_0613_web.jpg,thumb/13279_0613_thumb.jpg
615,304v,master/13279_0614.jpg,web/13279_0614_web.jpg,thumb/13279_0614_thumb.jpg
616,305r,master/13279_0615.jpg,web/13279_0615_web.jpg,thumb/13279_0615_thumb.jpg
617,305v,master/13279_0616.jpg,web/13279_0616_web.jpg,thumb/13279_0616_thumb.jpg
618,306r,master/13279_0617.jpg,web/13279_0617_web.jpg,thumb/13279_0617_thumb.jpg
619,306v,master/13279_0618.jpg,web/13279_0618_web.jpg,thumb/13279_0618_thumb.jpg
620,307r,master/13279_0619.jpg,web/13279_0619_web.jpg,thumb/13279_0619_thumb.jpg
621,307v,master/13279_0620.jpg,web/13279_0620_web.jpg,thumb/13279_0620_thumb.jpg
622,308r,master/13279_0621.jpg,web/13279_0621_web.jpg,thumb/13279_0621_thumb.jpg
623,308v,master/13279_0622.jpg,web/13279_0622_web.jpg,thumb/13279_0622_thumb.jpg
624,309r,master/13279_0623.jpg,web/13279_0623_web.jpg,thumb/13279_0623_thumb.jpg
625,309v,master/13279_0624.jpg,web/13279_0624_web.jpg,thumb/13279_0624_thumb.jpg
626,310r,master/13279_0625.jpg,web/13279_0625_web.jpg,thumb/13279_0625_thumb.jpg
627,310v,master/13279_0626.jpg,web/13279_0626_web.jpg,thumb/13279_0626_thumb.jpg
628,311r,master/13279_0627.jpg,web/13279_0627_web.jpg,thumb/13279_0627_thumb.jpg
629,311v,master/13279_0628.jpg,web/13279_0628_web.jpg,thumb/13279_0628_thumb.jpg
630,312r,master/13279_0629.jpg,web/13279_0629_web.jpg,thumb/13279_0629_thumb.jpg
631,312v,master/13279_0630.jpg,web/13279_0630_web.jpg,thumb/13279_0630_thumb.jpg
632,313r,master/13279_0631.jpg,web/13279_0631_web.jpg,thumb/13279_0631_thumb.jpg
633,313v,master/13279_0632.jpg,web/13279_0632_web.jpg,thumb/13279_0632_thumb.jpg
634,314r,master/13279_0633.jpg,web/13279_0633_web.jpg,thumb/13279_0633_thumb.jpg
635,314v,master/13279_0634.jpg,web/13279_0634_web.jpg,thumb/13279_0634_thumb.jpg
636,315r,master/13279_0635.jpg,web/13279_0635_web.jpg,thumb/13279_0635_thumb.jpg
637,315v,master/13279_0636.jpg,web/13279_0636_web.jpg,thumb/13279_0636_thumb.jpg
638,316r,master/13279_0637.jpg,web/13279_0637_web.jpg,thumb/13279_0637_thumb.jpg
639,316v,master/13279_0638.jpg,web/13279_0638_web.jpg,thumb/13279_0638_thumb.jpg
640,317r,master/13279_0639.jpg,web/13279_0639_web.jpg,thumb/13279_0639_thumb.jpg
641,317v,master/13279_0640.jpg,web/13279_0640_web.jpg,thumb/13279_0640_thumb.jpg
642,318r,master/13279_0641.jpg,web/13279_0641_web.jpg,thumb/13279_0641_thumb.jpg
643,318v,master/13279_0642.jpg,web/13279_0642_web.jpg,thumb/13279_0642_thumb.jpg
644,319r,master/13279_0643.jpg,web/13279_0643_web.jpg,thumb/13279_0643_thumb.jpg
645,319v,master/13279_0644.jpg,web/13279_0644_web.jpg,thumb/13279_0644_thumb.jpg
646,320r,master/13279_0645.jpg,web/13279_0645_web.jpg,thumb/13279_0645_thumb.jpg
647,320v,master/13279_0646.jpg,web/13279_0646_web.jpg,thumb/13279_0646_thumb.jpg
648,321r,master/13279_0647.jpg,web/13279_0647_web.jpg,thumb/13279_0647_thumb.jpg
649,321v,master/13279_0648.jpg,web/13279_0648_web.jpg,thumb/13279_0648_thumb.jpg
650,322r,master/13279_0649.jpg,web/13279_0649_web.jpg,thumb/13279_0649_thumb.jpg
651,322v,master/13279_0650.jpg,web/13279_0650_web.jpg,thumb/13279_0650_thumb.jpg
652,323r,master/13279_0651.jpg,web/13279_0651_web.jpg,thumb/13279_0651_thumb.jpg
653,323v,master/13279_0652.jpg,web/13279_0652_web.jpg,thumb/13279_0652_thumb.jpg
654,324r,master/13279_0653.jpg,web/13279_0653_web.jpg,thumb/13279_0653_thumb.jpg
655,324v,master/13279_0654.jpg,web/13279_0654_web.jpg,thumb/13279_0654_thumb.jpg
656,325r,master/13279_0655.jpg,web/13279_0655_web.jpg,thumb/13279_0655_thumb.jpg
657,325v,master/13279_0656.jpg,web/13279_0656_web.jpg,thumb/13279_0656_thumb.jpg
658,326r,master/13279_0657.jpg,web/13279_0657_web.jpg,thumb/13279_0657_thumb.jpg
659,326v,master/13279_0658.jpg,web/13279_0658_web.jpg,thumb/13279_0658_thumb.jpg
660,327r,master/13279_0659.jpg,web/13279_0659_web.jpg,thumb/13279_0659_thumb.jpg
661,327v,master/13279_0660.jpg,web/13279_0660_web.jpg,thumb/13279_0660_thumb.jpg
662,328r,master/13279_0661.jpg,web/13279_0661_web.jpg,thumb/13279_0661_thumb.jpg
663,328v,master/13279_0662.jpg,web/13279_0662_web.jpg,thumb/13279_0662_thumb.jpg
664,329r,master/13279_0663.jpg,web/13279_0663_web.jpg,thumb/13279_0663_thumb.jpg
665,329v,master/13279_0664.jpg,web/13279_0664_web.jpg,thumb/13279_0664_thumb.jpg
666,330r,master/13279_0665.jpg,web/13279_0665_web.jpg,thumb/13279_0665_thumb.jpg
667,330v,master/13279_0666.jpg,web/13279_0666_web.jpg,thumb/13279_0666_thumb.jpg
668,331r,master/13279_0667.jpg,web/13279_0667_web.jpg,thumb/13279_0667_thumb.jpg
669,331v,master/13279_0668.jpg,web/13279_0668_web.jpg,thumb/13279_0668_thumb.jpg
670,332r,master/13279_0669.jpg,web/13279_0669_web.jpg,thumb/13279_0669_thumb.jpg
671,332v,master/13279_0670.jpg,web/13279_0670_web.jpg,thumb/13279_0670_thumb.jpg
672,333r,master/13279_0671.jpg,web/13279_0671_web.jpg,thumb/13279_0671_thumb.jpg
673,333v,master/13279_0672.jpg,web/13279_0672_web.jpg,thumb/13279_0672_thumb.jpg
674,334r,master/13279_0673.jpg,web/13279_0673_web.jpg,thumb/13279_0673_thumb.jpg
675,334v,master/13279_0674.jpg,web/13279_0674_web.jpg,thumb/13279_0674_thumb.jpg
676,335r,master/13279_0675.jpg,web/13279_0675_web.jpg,thumb/13279_0675_thumb.jpg
677,335v,master/13279_0676.jpg,web/13279_0676_web.jpg,thumb/13279_0676_thumb.jpg
678,336r,master/13279_0677.jpg,web/13279_0677_web.jpg,thumb/13279_0677_thumb.jpg
679,336v,master/13279_0678.jpg,web/13279_0678_web.jpg,thumb/13279_0678_thumb.jpg
680,337r,master/13279_0679.jpg,web/13279_0679_web.jpg,thumb/13279_0679_thumb.jpg
681,337v,master/13279_0680.jpg,web/13279_0680_web.jpg,thumb/13279_0680_thumb.jpg
682,338r,master/13279_0681.jpg,web/13279_0681_web.jpg,thumb/13279_0681_thumb.jpg
683,338v,master/13279_0682.jpg,web/13279_0682_web.jpg,thumb/13279_0682_thumb.jpg
684,339r,master/13279_0683.jpg,web/13279_0683_web.jpg,thumb/13279_0683_thumb.jpg
685,339v,master/13279_0684.jpg,web/13279_0684_web.jpg,thumb/13279_0684_thumb.jpg
686,340r,master/13279_0685.jpg,web/13279_0685_web.jpg,thumb/13279_0685_thumb.jpg
687,340v,master/13279_0686.jpg,web/13279_0686_web.jpg,thumb/13279_0686_thumb.jpg
688,341r,master/13279_0687.jpg,web/13279_0687_web.jpg,thumb/13279_0687_thumb.jpg
689,341v,master/13279_0688.jpg,web/13279_0688_web.jpg,thumb/13279_0688_thumb.jpg
690,342r,master/13279_0689.jpg,web/13279_0689_web.jpg,thumb/13279_0689_thumb.jpg
691,342v,master/13279_0690.jpg,web/13279_0690_web.jpg,thumb/13279_0690_thumb.jpg
692,343r,master/13279_0691.jpg,web/13279_0691_web.jpg,thumb/13279_0691_thumb.jpg
693,343v,master/13279_0692.jpg,web/13279_0692_web.jpg,thumb/13279_0692_thumb.jpg
694,344r,master/13279_0693.jpg,web/13279_0693_web.jpg,thumb/13279_0693_thumb.jpg
695,344v,master/13279_0694.jpg,web/13279_0694_web.jpg,thumb/13279_0694_thumb.jpg
696,345r,master/13279_0695.jpg,web/13279_0695_web.jpg,thumb/13279_0695_thumb.jpg
697,345v,master/13279_0696.jpg,web/13279_0696_web.jpg,thumb/13279_0696_thumb.jpg
698,346r,master/13279_0697.jpg,web/13279_0697_web.jpg,thumb/13279_0697_thumb.jpg
699,346v,master/13279_0698.jpg,web/13279_0698_web.jpg,thumb/13279_0698_thumb.jpg
700,347r,master/13279_0699.jpg,web/13279_0699_web.jpg,thumb/13279_0699_thumb.jpg
701,347v,master/13279_0700.jpg,web/13279_0700_web.jpg,thumb/13279_0700_thumb.jpg
702,348r,master/13279_0701.jpg,web/13279_0701_web.jpg,thumb/13279_0701_thumb.jpg
703,348v,master/13279_0702.jpg,web/13279_0702_web.jpg,thumb/13279_0702_thumb.jpg
704,349r,master/13279_0703.jpg,web/13279_0703_web.jpg,thumb/13279_0703_thumb.jpg
705,349v,master/13279_0704.jpg,web/13279_0704_web.jpg,thumb/13279_0704_thumb.jpg
706,350r,master/13279_0705.jpg,web/13279_0705_web.jpg,thumb/13279_0705_thumb.jpg
707,350v,master/13279_0706.jpg,web/13279_0706_web.jpg,thumb/13279_0706_thumb.jpg
708,351r,master/13279_0707.jpg,web/13279_0707_web.jpg,thumb/13279_0707_thumb.jpg
709,351v,master/13279_0708.jpg,web/13279_0708_web.jpg,thumb/13279_0708_thumb.jpg
710,352r,master/13279_0709.jpg,web/13279_0709_web.jpg,thumb/13279_0709_thumb.jpg
711,352v,master/13279_0710.jpg,web/13279_0710_web.jpg,thumb/13279_0710_thumb.jpg
712,353r,master/13279_0711.jpg,web/13279_0711_web.jpg,thumb/13279_0711_thumb.jpg
713,353v,master/13279_0712.jpg,web/13279_0712_web.jpg,thumb/13279_0712_thumb.jpg
714,354r,master/13279_0713.jpg,web/13279_0713_web.jpg,thumb/13279_0713_thumb.jpg
715,354v,master/13279_0714.jpg,web/13279_0714_web.jpg,thumb/13279_0714_thumb.jpg
716,355r,master/13279_0715.jpg,web/13279_0715_web.jpg,thumb/13279_0715_thumb.jpg
717,355v,master/13279_0716.jpg,web/13279_0716_web.jpg,thumb/13279_0716_thumb.jpg
718,356r,master/13279_0717.jpg,web/13279_0717_web.jpg,thumb/13279_0717_thumb.jpg
719,356v,master/13279_0718.jpg,web/13279_0718_web.jpg,thumb/13279_0718_thumb.jpg
720,357r,master/13279_0719.jpg,web/13279_0719_web.jpg,thumb/13279_0719_thumb.jpg
721,357v,master/13279_0720.jpg,web/13279_0720_web.jpg,thumb/13279_0720_thumb.jpg
722,358r,master/13279_0721.jpg,web/13279_0721_web.jpg,thumb/13279_0721_thumb.jpg
723,358v,master/13279_0722.jpg,web/13279_0722_web.jpg,thumb/13279_0722_thumb.jpg
724,359r,master/13279_0723.jpg,web/13279_0723_web.jpg,thumb/13279_0723_thumb.jpg
725,359v,master/13279_0724.jpg,web/13279_0724_web.jpg,thumb/13279_0724_thumb.jpg
726,360r,master/13279_0725.jpg,web/13279_0725_web.jpg,thumb/13279_0725_thumb.jpg
727,360v,master/13279_0726.jpg,web/13279_0726_web.jpg,thumb/13279_0726_thumb.jpg
728,361r,master/13279_0727.jpg,web/13279_0727_web.jpg,thumb/13279_0727_thumb.jpg
729,361v,master/13279_0728.jpg,web/13279_0728_web.jpg,thumb/13279_0728_thumb.jpg
730,362r,master/13279_0729.jpg,web/13279_0729_web.jpg,thumb/13279_0729_thumb.jpg
731,362v,master/13279_0730.jpg,web/13279_0730_web.jpg,thumb/13279_0730_thumb.jpg
732,363r,master/13279_0731.jpg,web/13279_0731_web.jpg,thumb/13279_0731_thumb.jpg
733,363v,master/13279_0732.jpg,web/13279_0732_web.jpg,thumb/13279_0732_thumb.jpg
734,364r,master/13279_0733.jpg,web/13279_0733_web.jpg,thumb/13279_0733_thumb.jpg
735,364v,master/13279_0734.jpg,web/13279_0734_web.jpg,thumb/13279_0734_thumb.jpg
736,365r,master/13279_0735.jpg,web/13279_0735_web.jpg,thumb/13279_0735_thumb.jpg
737,365v,master/13279_0736.jpg,web/13279_0736_web.jpg,thumb/13279_0736_thumb.jpg
738,366r,master/13279_0737.jpg,web/13279_0737_web.jpg,thumb/13279_0737_thumb.jpg
739,366v,master/13279_0738.jpg,web/13279_0738_web.jpg,thumb/13279_0738_thumb.jpg
740,367r,master/13279_0739.jpg,web/13279_0739_web.jpg,thumb/13279_0739_thumb.jpg
741,367v,master/13279_0740.jpg,web/13279_0740_web.jpg,thumb/13279_0740_thumb.jpg
742,368r,master/13279_0741.jpg,web/13279_0741_web.jpg,thumb/13279_0741_thumb.jpg
743,368v,master/13279_0742.jpg,web/13279_0742_web.jpg,thumb/13279_0742_thumb.jpg
744,369r,master/13279_0743.jpg,web/13279_0743_web.jpg,thumb/13279_0743_thumb.jpg
745,369v,master/13279_0744.jpg,web/13279_0744_web.jpg,thumb/13279_0744_thumb.jpg
746,370r,master/13279_0745.jpg,web/13279_0745_web.jpg,thumb/13279_0745_thumb.jpg
747,370v,master/13279_0746.jpg,web/13279_0746_web.jpg,thumb/13279_0746_thumb.jpg
748,371r,master/13279_0747.jpg,web/13279_0747_web.jpg,thumb/13279_0747_thumb.jpg
749,371v,master/13279_0748.jpg,web/13279_0748_web.jpg,thumb/13279_0748_thumb.jpg
750,372r,master/13279_0749.jpg,web/13279_0749_web.jpg,thumb/13279_0749_thumb.jpg
751,372v,master/13279_0750.jpg,web/13279_0750_web.jpg,thumb/13279_0750_thumb.jpg
752,373r,master/13279_0751.jpg,web/13279_0751_web.jpg,thumb/13279_0751_thumb.jpg
753,373v,master/13279_0752.jpg,web/13279_0752_web.jpg,thumb/13279_0752_thumb.jpg
754,374r,master/13279_0753.jpg,web/13279_0753_web.jpg,thumb/13279_0753_thumb.jpg
755,374v,master/13279_0754.jpg,web/13279_0754_web.jpg,thumb/13279_0754_thumb.jpg
756,375r,master/13279_0755.jpg,web/13279_0755_web.jpg,thumb/13279_0755_thumb.jpg
757,375v,master/13279_0756.jpg,web/13279_0756_web.jpg,thumb/13279_0756_thumb.jpg
758,376r,master/13279_0757.jpg,web/13279_0757_web.jpg,thumb/13279_0757_thumb.jpg
759,376v,master/13279_0758.jpg,web/13279_0758_web.jpg,thumb/13279_0758_thumb.jpg
760,377r,master/13279_0759.jpg,web/13279_0759_web.jpg,thumb/13279_0759_thumb.jpg
761,377v,master/13279_0760.jpg,web/13279_0760_web.jpg,thumb/13279_0760_thumb.jpg
762,378r,master/13279_0761.jpg,web/13279_0761_web.jpg,thumb/13279_0761_thumb.jpg
763,378v,master/13279_0762.jpg,web/13279_0762_web.jpg,thumb/13279_0762_thumb.jpg
764,379r,master/13279_0763.jpg,web/13279_0763_web.jpg,thumb/13279_0763_thumb.jpg
765,379v,master/13279_0764.jpg,web/13279_0764_web.jpg,thumb/13279_0764_thumb.jpg
766,380r,master/13279_0765.jpg,web/13279_0765_web.jpg,thumb/13279_0765_thumb.jpg
767,380v,master/13279_0766.jpg,web/13279_0766_web.jpg,thumb/13279_0766_thumb.jpg
768,381r,master/13279_0767.jpg,web/13279_0767_web.jpg,thumb/13279_0767_thumb.jpg
769,381v,master/13279_0768.jpg,web/13279_0768_web.jpg,thumb/13279_0768_thumb.jpg
770,382r,master/13279_0769.jpg,web/13279_0769_web.jpg,thumb/13279_0769_thumb.jpg
771,382v,master/13279_0770.jpg,web/13279_0770_web.jpg,thumb/13279_0770_thumb.jpg
772,383r,master/13279_0771.jpg,web/13279_0771_web.jpg,thumb/13279_0771_thumb.jpg
773,383v,master/13279_0772.jpg,web/13279_0772_web.jpg,thumb/13279_0772_thumb.jpg
774,384r,master/13279_0773.jpg,web/13279_0773_web.jpg,thumb/13279_0773_thumb.jpg
775,384v,master/13279_0774.jpg,web/13279_0774_web.jpg,thumb/13279_0774_thumb.jpg
776,385r,master/13279_0775.jpg,web/13279_0775_web.jpg,thumb/13279_0775_thumb.jpg
777,385v,master/13279_0776.jpg,web/13279_0776_web.jpg,thumb/13279_0776_thumb.jpg
778,386r,master/13279_0777.jpg,web/13279_0777_web.jpg,thumb/13279_0777_thumb.jpg
779,386v,master/13279_0778.jpg,web/13279_0778_web.jpg,thumb/13279_0778_thumb.jpg
780,387r,master/13279_0779.jpg,web/13279_0779_web.jpg,thumb/13279_0779_thumb.jpg
781,387v,master/13279_0780.jpg,web/13279_0780_web.jpg,thumb/13279_0780_thumb.jpg
782,388r,master/13279_0781.jpg,web/13279_0781_web.jpg,thumb/13279_0781_thumb.jpg
783,388v,master/13279_0782.jpg,web/13279_0782_web.jpg,thumb/13279_0782_thumb.jpg
784,389r,master/13279_0783.jpg,web/13279_0783_web.jpg,thumb/13279_0783_thumb.jpg
785,389v,master/13279_0784.jpg,web/13279_0784_web.jpg,thumb/13279_0784_thumb.jpg
786,390r,master/13279_0785.jpg,web/13279_0785_web.jpg,thumb/13279_0785_thumb.jpg
787,390v,master/13279_0786.jpg,web/13279_0786_web.jpg,thumb/13279_0786_thumb.jpg
788,391r,master/13279_0787.jpg,web/13279_0787_web.jpg,thumb/13279_0787_thumb.jpg
789,391v,master/13279_0788.jpg,web/13279_0788_web.jpg,thumb/13279_0788_thumb.jpg
790,392r,master/13279_0789.jpg,web/13279_0789_web.jpg,thumb/13279_0789_thumb.jpg
791,392v,master/13279_0790.jpg,web/13279_0790_web.jpg,thumb/13279_0790_thumb.jpg
792,393r,master/13279_0791.jpg,web/13279_0791_web.jpg,thumb/13279_0791_thumb.jpg
793,393v,master/13279_0792.jpg,web/13279_0792_web.jpg,thumb/13279_0792_thumb.jpg
794,394r,master/13279_0793.jpg,web/13279_0793_web.jpg,thumb/13279_0793_thumb.jpg
795,394v,master/13279_0794.jpg,web/13279_0794_web.jpg,thumb/13279_0794_thumb.jpg
796,395r,master/13279_0795.jpg,web/13279_0795_web.jpg,thumb/13279_0795_thumb.jpg
797,395v,master/13279_0796.jpg,web/13279_0796_web.jpg,thumb/13279_0796_thumb.jpg
798,396r,master/13279_0797.jpg,web/13279_0797_web.jpg,thumb/13279_0797_thumb.jpg
799,396v,master/13279_0798.jpg,web/13279_0798_web.jpg,thumb/13279_0798_thumb.jpg
800,397r,master/13279_0799.jpg,web/13279_0799_web.jpg,thumb/13279_0799_thumb.jpg
801,397v,master/13279_0800.jpg,web/13279_0800_web.jpg,thumb/13279_0800_thumb.jpg
802,398r,master/13279_0801.jpg,web/13279_0801_web.jpg,thumb/13279_0801_thumb.jpg
803,398v,master/13279_0802.jpg,web/13279_0802_web.jpg,thumb/13279_0802_thumb.jpg
804,399r,master/13279_0803.jpg,web/13279_0803_web.jpg,thumb/13279_0803_thumb.jpg
805,399v,master/13279_0804.jpg,web/13279_0804_web.jpg,thumb/13279_0804_thumb.jpg
806,400r,master/13279_0805.jpg,web/13279_0805_web.jpg,thumb/13279_0805_thumb.jpg
807,400v,master/13279_0806.jpg,web/13279_0806_web.jpg,thumb/13279_0806_thumb.jpg
808,401r,master/13279_0807.jpg,web/13279_0807_web.jpg,thumb/13279_0807_thumb.jpg
809,401v,master/13279_0808.jpg,web/13279_0808_web.jpg,thumb/13279_0808_thumb.jpg
810,402r,master/13279_0809.jpg,web/13279_0809_web.jpg,thumb/13279_0809_thumb.jpg
811,402v,master/13279_0810.jpg,web/13279_0810_web.jpg,thumb/13279_0810_thumb.jpg
812,403r,master/13279_0811.jpg,web/13279_0811_web.jpg,thumb/13279_0811_thumb.jpg
813,403v,master/13279_0812.jpg,web/13279_0812_web.jpg,thumb/13279_0812_thumb.jpg
814,404r,master/13279_0813.jpg,web/13279_0813_web.jpg,thumb/13279_0813_thumb.jpg
815,404v,master/13279_0814.jpg,web/13279_0814_web.jpg,thumb/13279_0814_thumb.jpg
816,405r,master/13279_0815.jpg,web/13279_0815_web.jpg,thumb/13279_0815_thumb.jpg
817,405v,master/13279_0816.jpg,web/13279_0816_web.jpg,thumb/13279_0816_thumb.jpg
818,406r,master/13279_0817.jpg,web/13279_0817_web.jpg,thumb/13279_0817_thumb.jpg
819,406v,master/13279_0818.jpg,web/13279_0818_web.jpg,thumb/13279_0818_thumb.jpg
820,407r,master/13279_0819.jpg,web/13279_0819_web.jpg,thumb/13279_0819_thumb.jpg
821,407v,master/13279_0820.jpg,web/13279_0820_web.jpg,thumb/13279_0820_thumb.jpg
822,408r,master/13279_0821.jpg,web/13279_0821_web.jpg,thumb/13279_0821_thumb.jpg
823,408v,master/13279_0822.jpg,web/13279_0822_web.jpg,thumb/13279_0822_thumb.jpg
824,409r,master/13279_0823.jpg,web/13279_0823_web.jpg,thumb/13279_0823_thumb.jpg
825,409v,master/13279_0824.jpg,web/13279_0824_web.jpg,thumb/13279_0824_thumb.jpg
826,410r,master/13279_0825.jpg,web/13279_0825_web.jpg,thumb/13279_0825_thumb.jpg
827,410v,master/13279_0826.jpg,web/13279_0826_web.jpg,thumb/13279_0826_thumb.jpg
828,411r,master/13279_0827.jpg,web/13279_0827_web.jpg,thumb/13279_0827_thumb.jpg
829,411v,master/13279_0828.jpg,web/13279_0828_web.jpg,thumb/13279_0828_thumb.jpg
830,412r,master/13279_0829.jpg,web/13279_0829_web.jpg,thumb/13279_0829_thumb.jpg
831,412v,master/13279_0830.jpg,web/13279_0830_web.jpg,thumb/13279_0830_thumb.jpg
832,413r,master/13279_0831.jpg,web/13279_0831_web.jpg,thumb/13279_0831_thumb.jpg
833,413v,master/13279_0832.jpg,web/13279_0832_web.jpg,thumb/13279_0832_thumb.jpg
834,414r,master/13279_0833.jpg,web/13279_0833_web.jpg,thumb/13279_0833_thumb.jpg
835,414v,master/13279_0834.jpg,web/13279_0834_web.jpg,thumb/13279_0834_thumb.jpg
836,415r,master/13279_0835.jpg,web/13279_0835_web.jpg,thumb/13279_0835_thumb.jpg
837,415v,master/13279_0836.jpg,web/13279_0836_web.jpg,thumb/13279_0836_thumb.jpg
838,416r,master/13279_0837.jpg,web/13279_0837_web.jpg,thumb/13279_0837_thumb.jpg
839,416v,master/13279_0838.jpg,web/13279_0838_web.jpg,thumb/13279_0838_thumb.jpg
840,417r,master/13279_0839.jpg,web/13279_0839_web.jpg,thumb/13279_0839_thumb.jpg
841,417v,master/13279_0840.jpg,web/13279_0840_web.jpg,thumb/13279_0840_thumb.jpg
842,418r,master/13279_0841.jpg,web/13279_0841_web.jpg,thumb/13279_0841_thumb.jpg
843,418v,master/13279_0842.jpg,web/13279_0842_web.jpg,thumb/13279_0842_thumb.jpg
844,419r,master/13279_0843.jpg,web/13279_0843_web.jpg,thumb/13279_0843_thumb.jpg
845,419v,master/13279_0844.jpg,web/13279_0844_web.jpg,thumb/13279_0844_thumb.jpg
846,420r,master/13279_0845.jpg,web/13279_0845_web.jpg,thumb/13279_0845_thumb.jpg
847,420v,master/13279_0846.jpg,web/13279_0846_web.jpg,thumb/13279_0846_thumb.jpg
848,421r,master/13279_0847.jpg,web/13279_0847_web.jpg,thumb/13279_0847_thumb.jpg
849,421v,master/13279_0848.jpg,web/13279_0848_web.jpg,thumb/13279_0848_thumb.jpg
850,422r,master/13279_0849.jpg,web/13279_0849_web.jpg,thumb/13279_0849_thumb.jpg
851,422v,master/13279_0850.jpg,web/13279_0850_web.jpg,thumb/13279_0850_thumb.jpg
852,423r,master/13279_0851.jpg,web/13279_0851_web.jpg,thumb/13279_0851_thumb.jpg
853,423v,master/13279_0852.jpg,web/13279_0852_web.jpg,thumb/13279_0852_thumb.jpg
854,424r,master/13279_0853.jpg,web/13279_0853_web.jpg,thumb/13279_0853_thumb.jpg
855,424v,master/13279_0854.jpg,web/13279_0854_web.jpg,thumb/13279_0854_thumb.jpg
856,425r,master/13279_0855.jpg,web/13279_0855_web.jpg,thumb/13279_0855_thumb.jpg
857,425v,master/13279_0856.jpg,web/13279_0856_web.jpg,thumb/13279_0856_thumb.jpg
858,426r,master/13279_0857.jpg,web/13279_0857_web.jpg,thumb/13279_0857_thumb.jpg
859,426v,master/13279_0858.jpg,web/13279_0858_web.jpg,thumb/13279_0858_thumb.jpg
860,427r,master/13279_0859.jpg,web/13279_0859_web.jpg,thumb/13279_0859_thumb.jpg
861,427v,master/13279_0860.jpg,web/13279_0860_web.jpg,thumb/13279_0860_thumb.jpg
862,428r,master/13279_0861.jpg,web/13279_0861_web.jpg,thumb/13279_0861_thumb.jpg
863,428v,master/13279_0862.jpg,web/13279_0862_web.jpg,thumb/13279_0862_thumb.jpg
864,429r,master/13279_0863.jpg,web/13279_0863_web.jpg,thumb/13279_0863_thumb.jpg
865,429v,master/13279_0864.jpg,web/13279_0864_web.jpg,thumb/13279_0864_thumb.jpg
866,430r,master/13279_0865.jpg,web/13279_0865_web.jpg,thumb/13279_0865_thumb.jpg
867,430v,master/13279_0866.jpg,web/13279_0866_web.jpg,thumb/13279_0866_thumb.jpg
868,431r,master/13279_0867.jpg,web/13279_0867_web.jpg,thumb/13279_0867_thumb.jpg
869,431v,master/13279_0868.jpg,web/13279_0868_web.jpg,thumb/13279_0868_thumb.jpg
870,432r,master/13279_0869.jpg,web/13279_0869_web.jpg,thumb/13279_0869_thumb.jpg
871,432v,master/13279_0870.jpg,web/13279_0870_web.jpg,thumb/13279_0870_thumb.jpg
872,433r,master/13279_0871.jpg,web/13279_0871_web.jpg,thumb/13279_0871_thumb.jpg
873,433v,master/13279_0872.jpg,web/13279_0872_web.jpg,thumb/13279_0872_thumb.jpg
874,434r,master/13279_0873.jpg,web/13279_0873_web.jpg,thumb/13279_0873_thumb.jpg
875,434v,master/13279_0874.jpg,web/13279_0874_web.jpg,thumb/13279_0874_thumb.jpg
876,435r,master/13279_0875.jpg,web/13279_0875_web.jpg,thumb/13279_0875_thumb.jpg
877,435v,master/13279_0876.jpg,web/13279_0876_web.jpg,thumb/13279_0876_thumb.jpg
878,436r,master/13279_0877.jpg,web/13279_0877_web.jpg,thumb/13279_0877_thumb.jpg
879,436v,master/13279_0878.jpg,web/13279_0878_web.jpg,thumb/13279_0878_thumb.jpg
880,437r,master/13279_0879.jpg,web/13279_0879_web.jpg,thumb/13279_0879_thumb.jpg
881,437v,master/13279_0880.jpg,web/13279_0880_web.jpg,thumb/13279_0880_thumb.jpg
882,438r,master/13279_0881.jpg,web/13279_0881_web.jpg,thumb/13279_0881_thumb.jpg
883,438v,master/13279_0882.jpg,web/13279_0882_web.jpg,thumb/13279_0882_thumb.jpg
884,439r,master/13279_0883.jpg,web/13279_0883_web.jpg,thumb/13279_0883_thumb.jpg
885,439v,master/13279_0884.jpg,web/13279_0884_web.jpg,thumb/13279_0884_thumb.jpg
886,440r,master/13279_0885.jpg,web/13279_0885_web.jpg,thumb/13279_0885_thumb.jpg
887,440v,master/13279_0886.jpg,web/13279_0886_web.jpg,thumb/13279_0886_thumb.jpg
888,441r,master/13279_0887.jpg,web/13279_0887_web.jpg,thumb/13279_0887_thumb.jpg
889,441v,master/13279_0888.jpg,web/13279_0888_web.jpg,thumb/13279_0888_thumb.jpg
890,442r,master/13279_0889.jpg,web/13279_0889_web.jpg,thumb/13279_0889_thumb.jpg
891,442v,master/13279_0890.jpg,web/13279_0890_web.jpg,thumb/13279_0890_thumb.jpg
892,443r,master/13279_0891.jpg,web/13279_0891_web.jpg,thumb/13279_0891_thumb.jpg
893,443v,master/13279_0892.jpg,web/13279_0892_web.jpg,thumb/13279_0892_thumb.jpg
894,444r,master/13279_0893.jpg,web/13279_0893_web.jpg,thumb/13279_0893_thumb.jpg
895,444v,master/13279_0894.jpg,web/13279_0894_web.jpg,thumb/13279_0894_thumb.jpg
896,445r,master/13279_0895.jpg,web/13279_0895_web.jpg,thumb/13279_0895_thumb.jpg
897,445v,master/13279_0896.jpg,web/13279_0896_web.jpg,thumb/13279_0896_thumb.jpg
898,446r,master/13279_0897.jpg,web/13279_0897_web.jpg,thumb/13279_0897_thumb.jpg
899,446v,master/13279_0898.jpg,web/13279_0898_web.jpg,thumb/13279_0898_thumb.jpg
900,447r,master/13279_0899.jpg,web/13279_0899_web.jpg,thumb/13279_0899_thumb.jpg
901,447v,master/13279_0900.jpg,web/13279_0900_web.jpg,thumb/13279_0900_thumb.jpg
902,448r,master/13279_0901.jpg,web/13279_0901_web.jpg,thumb/13279_0901_thumb.jpg
903,448v,master/13279_0902.jpg,web/13279_0902_web.jpg,thumb/13279_0902_thumb.jpg
904,449r,master/13279_0903.jpg,web/13279_0903_web.jpg,thumb/13279_0903_thumb.jpg
905,449v,master/13279_0904.jpg,web/13279_0904_web.jpg,thumb/13279_0904_thumb.jpg
906,450r,master/13279_0905.jpg,web/13279_0905_web.jpg,thumb/13279_0905_thumb.jpg
907,450v,master/13279_0906.jpg,web/13279_0906_web.jpg,thumb/13279_0906_thumb.jpg
908,451r,master/13279_0907.jpg,web/13279_0907_web.jpg,thumb/13279_0907_thumb.jpg
909,451v,master/13279_0908.jpg,web/13279_0908_web.jpg,thumb/13279_0908_thumb.jpg
910,452r,master/13279_0909.jpg,web/13279_0909_web.jpg,thumb/13279_0909_thumb.jpg
911,452v,master/13279_0910.jpg,web/13279_0910_web.jpg,thumb/13279_0910_thumb.jpg
912,453r,master/13279_0911.jpg,web/13279_0911_web.jpg,thumb/13279_0911_thumb.jpg
913,453v,master/13279_0912.jpg,web/13279_0912_web.jpg,thumb/13279_0912_thumb.jpg
914,454r,master/13279_0913.jpg,web/13279_0913_web.jpg,thumb/13279_0913_thumb.jpg
915,454v,master/13279_0914.jpg,web/13279_0914_web.jpg,thumb/13279_0914_thumb.jpg
916,455r,master/13279_0915.jpg,web/13279_0915_web.jpg,thumb/13279_0915_thumb.jpg
917,455v,master/13279_0916.jpg,web/13279_0916_web.jpg,thumb/13279_0916_thumb.jpg
918,456r,master/13279_0917.jpg,web/13279_0917_web.jpg,thumb/13279_0917_thumb.jpg
919,456v,master/13279_0918.jpg,web/13279_0918_web.jpg,thumb/13279_0918_thumb.jpg
920,457r,master/13279_0919.jpg,web/13279_0919_web.jpg,thumb/13279_0919_thumb.jpg
921,457v,master/13279_0920.jpg,web/13279_0920_web.jpg,thumb/13279_0920_thumb.jpg
922,458r,master/13279_0921.jpg,web/13279_0921_web.jpg,thumb/13279_0921_thumb.jpg
923,458v,master/13279_0922.jpg,web/13279_0922_web.jpg,thumb/13279_0922_thumb.jpg
924,459r,master/13279_0923.jpg,web/13279_0923_web.jpg,thumb/13279_0923_thumb.jpg
925,459v,master/13279_0924.jpg,web/13279_0924_web.jpg,thumb/13279_0924_thumb.jpg
926,460r,master/13279_0925.jpg,web/13279_0925_web.jpg,thumb/13279_0925_thumb.jpg
927,460v,master/13279_0926.jpg,web/13279_0926_web.jpg,thumb/13279_0926_thumb.jpg
928,461r,master/13279_0927.jpg,web/13279_0927_web.jpg,thumb/13279_0927_thumb.jpg
929,461v,master/13279_0928.jpg,web/13279_0928_web.jpg,thumb/13279_0928_thumb.jpg
930,462r,master/13279_0929.jpg,web/13279_0929_web.jpg,thumb/13279_0929_thumb.jpg
931,462v,master/13279_0930.jpg,web/13279_0930_web.jpg,thumb/13279_0930_thumb.jpg
932,463r,master/13279_0931.jpg,web/13279_0931_web.jpg,thumb/13279_0931_thumb.jpg
933,463v,master/13279_0932.jpg,web/13279_0932_web.jpg,thumb/13279_0932_thumb.jpg
934,464r,master/13279_0933.jpg,web/13279_0933_web.jpg,thumb/13279_0933_thumb.jpg
935,464v,master/13279_0934.jpg,web/13279_0934_web.jpg,thumb/13279_0934_thumb.jpg
936,465r,master/13279_0935.jpg,web/13279_0935_web.jpg,thumb/13279_0935_thumb.jpg
937,465v,master/13279_0936.jpg,web/13279_0936_web.jpg,thumb/13279_0936_thumb.jpg
938,466r,master/13279_0937.jpg,web/13279_0937_web.jpg,thumb/13279_0937_thumb.jpg
939,466v,master/13279_0938.jpg,web/13279_0938_web.jpg,thumb/13279_0938_thumb.jpg
940,467r,master/13279_0939.jpg,web/13279_0939_web.jpg,thumb/13279_0939_thumb.jpg
941,467v,master/13279_0940.jpg,web/13279_0940_web.jpg,thumb/13279_0940_thumb.jpg
942,468r,master/13279_0941.jpg,web/13279_0941_web.jpg,thumb/13279_0941_thumb.jpg
943,468v,master/13279_0942.jpg,web/13279_0942_web.jpg,thumb/13279_0942_thumb.jpg
944,469r,master/13279_0943.jpg,web/13279_0943_web.jpg,thumb/13279_0943_thumb.jpg
945,469v,master/13279_0944.jpg,web/13279_0944_web.jpg,thumb/13279_0944_thumb.jpg
946,470r,master/13279_0945.jpg,web/13279_0945_web.jpg,thumb/13279_0945_thumb.jpg
947,470v,master/13279_0946.jpg,web/13279_0946_web.jpg,thumb/13279_0946_thumb.jpg
948,471r,master/13279_0947.jpg,web/13279_0947_web.jpg,thumb/13279_0947_thumb.jpg
949,471v,master/13279_0948.jpg,web/13279_0948_web.jpg,thumb/13279_0948_thumb.jpg
950,472r,master/13279_0949.jpg,web/13279_0949_web.jpg,thumb/13279_0949_thumb.jpg
951,472v,master/13279_0950.jpg,web/13279_0950_web.jpg,thumb/13279_0950_thumb.jpg
952,473r,master/13279_0951.jpg,web/13279_0951_web.jpg,thumb/13279_0951_thumb.jpg
953,473v,master/13279_0952.jpg,web/13279_0952_web.jpg,thumb/13279_0952_thumb.jpg
954,474r,master/13279_0953.jpg,web/13279_0953_web.jpg,thumb/13279_0953_thumb.jpg
955,474v,master/13279_0954.jpg,web/13279_0954_web.jpg,thumb/13279_0954_thumb.jpg
956,475r,master/13279_0955.jpg,web/13279_0955_web.jpg,thumb/13279_0955_thumb.jpg
957,475v,master/13279_0956.jpg,web/13279_0956_web.jpg,thumb/13279_0956_thumb.jpg
958,476r,master/13279_0957.jpg,web/13279_0957_web.jpg,thumb/13279_0957_thumb.jpg
959,476v,master/13279_0958.jpg,web/13279_0958_web.jpg,thumb/13279_0958_thumb.jpg
960,477r,master/13279_0959.jpg,web/13279_0959_web.jpg,thumb/13279_0959_thumb.jpg
961,477v,master/13279_0960.jpg,web/13279_0960_web.jpg,thumb/13279_0960_thumb.jpg
962,478r,master/13279_0961.jpg,web/13279_0961_web.jpg,thumb/13279_0961_thumb.jpg
963,478v,master/13279_0962.jpg,web/13279_0962_web.jpg,thumb/13279_0962_thumb.jpg
964,479r,master/13279_0963.jpg,web/13279_0963_web.jpg,thumb/13279_0963_thumb.jpg
965,479v,master/13279_0964.jpg,web/13279_0964_web.jpg,thumb/13279_0964_thumb.jpg
966,back-i,master/13279_0965.jpg,web/13279_0965_web.jpg,thumb/13279_0965_thumb.jpg
967,back,master/13279_0966.jpg,web/13279_0966_web.jpg,thumb/13279_0966_thumb.jpg
968,spine,master/13279_0967.jpg,web/13279_0967_web.jpg,thumb/13279_0967_thumb.jpg
